,0
0,169.0
1,584.0
2,903.0
3,1115.0
4,1285.0
5,1968.0
6,2001.0
7,2119.0
8,2418.0
9,3110.0
10,3695.0
11,4168.0
12,4267.0
13,4743.0
14,4947.0
15,5413.0
16,5994.0
17,6109.0
18,6694.0
19,8394.0
20,9558.0
21,10455.0
22,10593.0
23,10853.0
24,11577.0
25,12195.0
26,12810.0
27,13067.0
28,13187.0
29,13326.0
30,13368.0
31,13631.0
32,14335.0
33,14443.0
34,15522.0
35,15638.0
36,16190.0
37,16287.0
38,16951.0
39,18086.0
40,18251.0
41,18268.0
42,19101.0
43,19556.0
44,19829.0
45,20183.0
46,21230.0
47,21655.0
48,21885.0
49,22903.0
50,23036.0
51,24052.0
52,24889.0
53,25816.0
54,26156.0
55,26974.0
56,28839.0
57,28871.0
58,29169.0
59,30454.0
60,30843.0
61,30919.0
62,31010.0
63,31139.0
64,31334.0
65,32023.0
66,32117.0
67,33144.0
68,33393.0
69,33503.0
70,33528.0
71,33700.0
72,34170.0
73,34434.0
74,35134.0
75,35407.0
76,35744.0
77,36329.0
78,36344.0
79,36635.0
80,36932.0
81,37568.0
82,37748.0
83,38007.0
84,38699.0
85,38912.0
86,39360.0
87,39375.0
88,39525.0
89,39589.0
90,40277.0
91,40590.0
92,40992.0
93,41113.0
94,41161.0
95,41475.0
96,41489.0
97,41749.0
98,42140.0
99,42433.0
100,43754.0
101,43838.0
102,44072.0
103,44280.0
104,44369.0
105,44773.0
106,45098.0
107,47101.0
108,47470.0
109,47546.0
110,48131.0
111,48426.0
112,49659.0
113,49784.0
114,51720.0
115,52136.0
116,52562.0
117,53038.0
118,53527.0
119,54679.0
120,55154.0
121,55578.0
122,55593.0
123,56673.0
124,57046.0
125,57051.0
126,57206.0
127,57568.0
128,57913.0
129,58159.0
130,58446.0
131,58980.0
132,59161.0
133,59237.0
134,59843.0
135,60235.0
136,60572.0
137,60698.0
138,60882.0
139,61018.0
140,61320.0
141,62004.0
142,62090.0
143,62291.0
144,62958.0
145,63526.0
146,64041.0
147,64102.0
148,64237.0
149,64305.0
150,64311.0
151,64326.0
152,64806.0
153,64929.0
154,64960.0
155,65144.0
156,65221.0
157,65464.0
158,65853.0
159,65906.0
160,66992.0
161,67558.0
162,69683.0
163,70413.0
164,70595.0
165,71777.0
166,71894.0
167,72171.0
168,73044.0
169,73927.0
170,74281.0
171,74331.0
172,74618.0
173,74787.0
174,75148.0
175,75197.0
176,75650.0
177,75813.0
178,75858.0
179,76144.0
180,76195.0
181,77092.0
182,77178.0
183,77450.0
184,79105.0
185,80037.0
186,80244.0
187,80484.0
188,80593.0
189,80656.0
190,81473.0
191,82431.0
192,83339.0
193,83652.0
194,83750.0
195,83977.0
196,85804.0
197,86255.0
198,86491.0
199,86749.0
200,86776.0
201,87477.0
202,87554.0
203,88455.0
204,88746.0
205,89511.0
206,90328.0
207,90868.0
208,91225.0
209,91405.0
210,91692.0
211,91799.0
212,93128.0
213,93340.0
214,93888.0
215,93971.0
216,94164.0
217,94306.0
218,94542.0
219,97330.0
220,97942.0
221,98859.0
222,100170.0
223,100295.0
224,101123.0
225,101202.0
226,101395.0
227,101836.0
228,101990.0
229,102796.0
230,102993.0
231,103011.0
232,103719.0
233,104716.0
234,105534.0
235,106019.0
236,106094.0
237,106361.0
238,106857.0
239,108005.0
240,108668.0
241,109194.0
242,109334.0
243,109935.0
244,109948.0
245,110210.0
246,110265.0
247,110757.0
248,112150.0
249,112292.0
250,112578.0
251,112871.0
252,112895.0
253,114172.0
254,115536.0
255,115732.0
256,116190.0
257,117041.0
258,117742.0
259,117745.0
260,118112.0
261,118571.0
262,118602.0
263,118647.0
264,119377.0
265,119799.0
266,120844.0
267,121148.0
268,121186.0
269,121511.0
270,121603.0
271,122327.0
272,123495.0
273,123876.0
274,124267.0
275,124307.0
276,124631.0
277,124732.0
278,124827.0
279,125284.0
280,125317.0
281,125601.0
282,126126.0
283,127174.0
284,128126.0
285,128830.0
286,129466.0
287,129696.0
288,129702.0
289,130464.0
290,132155.0
291,132506.0
292,132782.0
293,132794.0
294,133339.0
295,135249.0
296,135761.0
297,136321.0
298,136497.0
299,136563.0
300,136915.0
301,137075.0
302,137649.0
303,138123.0
304,138873.0
305,139066.0
306,139643.0
307,140483.0
308,140542.0
309,140632.0
310,140666.0
311,140776.0
312,142065.0
313,142120.0
314,142168.0
315,142177.0
316,142582.0
317,143268.0
318,144809.0
319,145644.0
320,145906.0
321,146159.0
322,146208.0
323,146305.0
324,146396.0
325,146571.0
326,146772.0
327,147359.0
328,147777.0
329,148464.0
330,148482.0
331,148982.0
332,151558.0
333,152027.0
334,152203.0
335,152620.0
336,153147.0
337,153171.0
338,154479.0
339,154646.0
340,154912.0
341,155471.0
342,155819.0
343,156581.0
344,156588.0
345,157964.0
346,159208.0
347,159470.0
348,160198.0
349,160264.0
350,160532.0
351,161823.0
352,162085.0
353,162191.0
354,162433.0
355,163196.0
356,163574.0
357,163875.0
358,163921.0
359,164331.0
360,164458.0
361,165206.0
362,165953.0
363,165958.0
364,166319.0
365,166771.0
366,167433.0
367,167848.0
368,168014.0
369,168372.0
370,169148.0
371,169316.0
372,169714.0
373,170108.0
374,170120.0
375,170209.0
376,170468.0
377,171369.0
378,171488.0
379,171906.0
380,171981.0
381,171983.0
382,172434.0
383,172533.0
384,172605.0
385,172803.0
386,174062.0
387,174358.0
388,174793.0
389,175441.0
390,176365.0
391,176479.0
392,176715.0
393,177053.0
394,177084.0
395,178308.0
396,178494.0
397,178541.0
398,178669.0
399,178872.0
400,179291.0
401,179299.0
402,179352.0
403,179570.0
404,179955.0
405,181015.0
406,181152.0
407,182410.0
408,182458.0
409,182519.0
410,183270.0
411,183488.0
412,183742.0
413,184255.0
414,185362.0
415,185447.0
416,185790.0
417,185955.0
418,186007.0
419,186502.0
420,186645.0
421,187540.0
422,187593.0
423,187895.0
424,188624.0
425,188625.0
426,188717.0
427,188749.0
428,189269.0
429,190531.0
430,190703.0
431,190887.0
432,191230.0
433,191285.0
434,191881.0
435,192686.0
436,193075.0
437,193325.0
438,194744.0
439,194770.0
440,197012.0
441,197360.0
442,197380.0
443,197575.0
444,198658.0
445,198740.0
446,198895.0
447,198932.0
448,199391.0
449,200085.0
450,200399.0
451,200487.0
452,201404.0
453,201600.0
454,202007.0
455,202622.0
456,203295.0
457,203667.0
458,203811.0
459,204666.0
460,204926.0
461,205536.0
462,205575.0
463,206191.0
464,206590.0
465,206896.0
466,208140.0
467,208704.0
468,208929.0
469,210073.0
470,210675.0
471,211118.0
472,211596.0
473,211873.0
474,212735.0
475,212942.0
476,213149.0
477,213628.0
478,214014.0
479,214141.0
480,214569.0
481,214665.0
482,214778.0
483,216783.0
484,217410.0
485,217507.0
486,217812.0
487,217931.0
488,218240.0
489,218566.0
490,218940.0
491,219197.0
492,219520.0
493,219989.0
494,220268.0
495,221134.0
496,222242.0
497,222537.0
498,222658.0
499,222977.0
500,223225.0
501,223657.0
502,223892.0
503,223901.0
504,224060.0
505,224597.0
506,225657.0
507,225696.0
508,226281.0
509,227289.0
510,227483.0
511,227504.0
512,227969.0
513,228468.0
514,229144.0
515,229175.0
516,229241.0
517,229770.0
518,229847.0
519,229892.0
520,231984.0
521,232699.0
522,232746.0
523,232998.0
524,233416.0
525,234061.0
526,234106.0
527,234200.0
528,236525.0
529,236752.0
530,237296.0
531,238141.0
532,238236.0
533,238333.0
534,238735.0
535,239277.0
536,239279.0
537,239779.0
538,239833.0
539,240332.0
540,240355.0
541,240905.0
542,241033.0
543,241125.0
544,242237.0
545,242357.0
546,242524.0
547,242681.0
548,243008.0
549,243230.0
550,243579.0
551,243581.0
552,244004.0
553,245261.0
554,246205.0
555,247302.0
556,247785.0
557,248203.0
558,248315.0
559,248541.0
560,248699.0
561,248769.0
562,249680.0
563,250100.0
564,250592.0
565,250764.0
566,250823.0
567,252888.0
568,252902.0
569,253899.0
570,254126.0
571,254176.0
572,254500.0
573,254529.0
574,254901.0
575,255607.0
576,255744.0
577,256289.0
578,256592.0
579,256610.0
580,257044.0
581,257814.0
582,257863.0
583,257997.0
584,258105.0
585,258779.0
586,259915.0
587,260016.0
588,260475.0
589,260532.0
590,260960.0
591,260990.0
592,261407.0
593,261462.0
594,262542.0
595,263039.0
596,263563.0
597,264780.0
598,264982.0
599,266753.0
600,269715.0
601,270100.0
602,270354.0
603,270986.0
604,271071.0
605,271402.0
606,271705.0
607,271834.0
608,272614.0
609,273287.0
610,273756.0
611,274113.0
612,274538.0
613,275039.0
614,275301.0
615,275600.0
616,276352.0
617,276431.0
618,277610.0
619,277710.0
620,278179.0
621,279079.0
622,279424.0
623,279854.0
624,280544.0
625,280797.0
626,281521.0
627,281667.0
628,281684.0
629,282195.0
630,283072.0
631,283856.0
632,284081.0
633,284381.0
634,284837.0
635,284953.0
636,285049.0
637,285834.0
638,285860.0
639,286259.0
640,287591.0
641,288670.0
642,289023.0
643,289480.0
644,289557.0
645,291397.0
646,291877.0
647,292090.0
648,292611.0
649,292869.0
650,293202.0
651,293991.0
652,294282.0
653,294481.0
654,294937.0
655,295365.0
656,296267.0
657,296334.0
658,297161.0
659,297423.0
660,298125.0
661,298967.0
662,299307.0
663,299325.0
664,299720.0
665,300399.0
666,300941.0
667,301758.0
668,301915.0
669,302787.0
670,302844.0
671,302884.0
672,302929.0
673,303261.0
674,303372.0
675,304728.0
676,305117.0
677,305958.0
678,306054.0
679,306223.0
680,307105.0
681,307937.0
682,307975.0
683,308148.0
684,308542.0
685,309247.0
686,309580.0
687,310515.0
688,310672.0
689,310837.0
690,311060.0
691,311132.0
692,311565.0
693,311667.0
694,311803.0
695,312041.0
696,312309.0
697,312819.0
698,313340.0
699,313522.0
700,314720.0
701,315034.0
702,315068.0
703,315894.0
704,316208.0
705,316290.0
706,317847.0
707,318132.0
708,318171.0
709,318421.0
710,318500.0
711,320026.0
712,320601.0
713,320711.0
714,321547.0
715,321716.0
716,322124.0
717,322222.0
718,322231.0
719,322599.0
720,324718.0
721,324949.0
722,325190.0
723,325395.0
724,325481.0
725,326106.0
726,326556.0
727,326873.0
728,327060.0
729,327063.0
730,327119.0
731,327238.0
732,328837.0
733,329198.0
734,329293.0
735,330160.0
736,330328.0
737,331125.0
738,331967.0
739,333447.0
740,333960.0
741,335674.0
742,336464.0
743,337060.0
744,338646.0
745,338675.0
746,340336.0
747,340702.0
748,342658.0
749,342867.0
750,344002.0
751,344427.0
752,344964.0
753,345900.0
754,346193.0
755,346218.0
756,346933.0
757,348949.0
758,349253.0
759,349511.0
760,349530.0
761,349542.0
762,349556.0
763,349753.0
764,350809.0
765,351068.0
766,351734.0
767,351888.0
768,351904.0
769,352175.0
770,352598.0
771,352659.0
772,354731.0
773,354999.0
774,355056.0
775,355221.0
776,355260.0
777,355750.0
778,355880.0
779,355973.0
780,356457.0
781,357313.0
782,357417.0
783,357513.0
784,357625.0
785,358537.0
786,358642.0
787,359039.0
788,359172.0
789,359448.0
790,359637.0
791,360206.0
792,360423.0
793,361456.0
794,362192.0
795,362787.0
796,363105.0
797,363309.0
798,363811.0
799,363901.0
800,364822.0
801,365341.0
802,365463.0
803,365536.0
804,366217.0
805,366390.0
806,366620.0
807,366835.0
808,367283.0
809,367398.0
810,367722.0
811,367741.0
812,367961.0
813,367986.0
814,368250.0
815,368297.0
816,368882.0
817,369859.0
818,371319.0
819,371341.0
820,371830.0
821,371836.0
822,372295.0
823,372992.0
824,373072.0
825,373468.0
826,373481.0
827,373587.0
828,373694.0
829,374748.0
830,374754.0
831,375295.0
832,376076.0
833,376595.0
834,377565.0
835,379210.0
836,379259.0
837,380386.0
838,380910.0
839,381622.0
840,381764.0
841,382136.0
842,382466.0
843,383179.0
844,383553.0
845,383987.0
846,384853.0
847,384918.0
848,385943.0
849,386667.0
850,387009.0
851,387432.0
852,387939.0
853,388053.0
854,388491.0
855,388571.0
856,389621.0
857,390263.0
858,390501.0
859,390775.0
860,390989.0
861,391058.0
862,391081.0
863,391182.0
864,392799.0
865,392844.0
866,394400.0
867,394659.0
868,394864.0
869,395951.0
870,395973.0
871,396156.0
872,396622.0
873,396724.0
874,397631.0
875,398072.0
876,398248.0
877,399018.0
878,399256.0
879,399462.0
880,400086.0
881,400200.0
882,400280.0
883,400965.0
884,401010.0
885,401192.0
886,401433.0
887,401860.0
888,402731.0
889,402746.0
890,403223.0
891,403697.0
892,403733.0
893,403757.0
894,405819.0
895,405993.0
896,406963.0
897,407260.0
898,408687.0
899,409173.0
900,409522.0
901,409690.0
902,409820.0
903,410306.0
904,410367.0
905,412289.0
906,414696.0
907,414718.0
908,414888.0
909,414905.0
910,415095.0
911,415605.0
912,415865.0
913,417741.0
914,417855.0
915,417973.0
916,419167.0
917,419243.0
918,419266.0
919,419407.0
920,420123.0
921,420226.0
922,421135.0
923,421268.0
924,421329.0
925,422266.0
926,424771.0
927,424849.0
928,426486.0
929,427262.0
930,428519.0
931,430655.0
932,430772.0
933,431427.0
934,432195.0
935,432286.0
936,432854.0
937,433450.0
938,434091.0
939,434126.0
940,434304.0
941,435454.0
942,435793.0
943,436788.0
944,437377.0
945,438027.0
946,438125.0
947,438217.0
948,438362.0
949,438567.0
950,438936.0
951,438966.0
952,440044.0
953,440895.0
954,442315.0
955,443163.0
956,443647.0
957,443855.0
958,443960.0
959,444787.0
960,445068.0
961,445407.0
962,445778.0
963,447835.0
964,448319.0
965,449700.0
966,450077.0
967,450560.0
968,450916.0
969,450988.0
970,451689.0
971,451706.0
972,454066.0
973,454149.0
974,455577.0
975,455664.0
976,455806.0
977,455930.0
978,456378.0
979,457383.0
980,457403.0
981,457405.0
982,457622.0
983,458210.0
984,458321.0
985,458650.0
986,458846.0
987,458975.0
988,459653.0
989,459769.0
990,460069.0
991,460620.0
992,461136.0
993,461796.0
994,461813.0
995,462525.0
996,462565.0
997,462933.0
998,462993.0
999,463039.0
1000,463373.0
1001,464118.0
1002,464206.0
1003,465970.0
1004,466495.0
1005,466930.0
1006,467010.0
1007,467162.0
1008,468205.0
1009,468423.0
1010,469262.0
1011,469327.0
1012,469488.0
1013,470885.0
1014,470889.0
1015,470898.0
1016,470994.0
1017,471613.0
1018,471848.0
1019,472320.0
1020,472725.0
1021,472793.0
1022,473066.0
1023,473552.0
1024,473941.0
1025,474262.0
1026,475308.0
1027,475397.0
1028,475708.0
1029,475709.0
1030,475894.0
1031,476458.0
1032,476720.0
1033,477209.0
1034,477234.0
1035,477494.0
1036,478040.0
1037,479178.0
1038,479538.0
1039,479677.0
1040,479865.0
1041,480351.0
1042,480840.0
1043,481892.0
1044,481938.0
1045,483733.0
1046,483962.0
1047,483985.0
1048,484512.0
1049,484591.0
1050,484726.0
1051,485126.0
1052,485319.0
1053,485465.0
1054,485482.0
1055,485490.0
1056,485534.0
1057,485600.0
1058,486475.0
1059,486831.0
1060,486897.0
1061,486928.0
1062,487153.0
1063,487479.0
1064,488213.0
1065,489137.0
1066,489909.0
1067,489977.0
1068,490203.0
1069,490386.0
1070,490394.0
1071,490568.0
1072,490823.0
1073,491082.0
1074,491301.0
1075,492029.0
1076,492131.0
1077,492198.0
1078,492795.0
1079,493167.0
1080,494091.0
1081,494254.0
1082,494741.0
1083,494984.0
1084,495459.0
1085,495809.0
1086,496169.0
1087,496388.0
1088,496489.0
1089,496894.0
1090,497034.0
1091,497415.0
1092,497536.0
1093,497580.0
1094,497844.0
1095,498227.0
1096,498461.0
1097,498823.0
1098,498991.0
1099,499793.0
1100,500080.0
1101,500195.0
1102,500421.0
1103,502744.0
1104,502931.0
1105,502991.0
1106,503500.0
1107,503534.0
1108,503982.0
1109,504093.0
1110,504602.0
1111,504603.0
1112,504764.0
1113,504889.0
1114,506078.0
1115,506649.0
1116,506784.0
1117,506895.0
1118,507948.0
1119,508747.0
1120,508996.0
1121,509260.0
1122,509443.0
1123,509470.0
1124,509535.0
1125,509964.0
1126,510177.0
1127,510548.0
1128,510643.0
1129,512014.0
1130,512838.0
1131,513779.0
1132,514015.0
1133,514212.0
1134,514515.0
1135,514678.0
1136,514773.0
1137,515254.0
1138,515427.0
1139,515554.0
1140,515665.0
1141,517260.0
1142,518539.0
1143,519090.0
1144,519712.0
1145,520124.0
1146,520752.0
1147,520884.0
1148,521166.0
1149,522318.0
1150,522655.0
1151,523405.0
1152,523551.0
1153,523564.0
1154,524443.0
1155,524513.0
1156,524656.0
1157,525079.0
1158,525272.0
1159,525956.0
1160,526303.0
1161,526661.0
1162,526819.0
1163,527236.0
1164,528077.0
1165,530483.0
1166,531026.0
1167,531311.0
1168,531527.0
1169,531544.0
1170,531592.0
1171,532447.0
1172,532666.0
1173,532719.0
1174,534175.0
1175,534188.0
1176,534207.0
1177,534337.0
1178,534515.0
1179,534889.0
1180,535272.0
1181,535339.0
1182,537016.0
1183,537277.0
1184,537312.0
1185,537524.0
1186,537714.0
1187,537831.0
1188,538312.0
1189,538773.0
1190,538975.0
1191,540130.0
1192,540216.0
1193,541125.0
1194,541331.0
1195,541918.0
1196,542657.0
1197,543595.0
1198,544036.0
1199,545775.0
1200,546035.0
1201,546348.0
1202,546365.0
1203,546411.0
1204,546538.0
1205,547198.0
1206,548089.0
1207,548225.0
1208,549542.0
1209,549988.0
1210,550685.0
1211,551021.0
1212,551536.0
1213,552723.0
1214,553295.0
1215,553474.0
1216,553763.0
1217,554394.0
1218,554817.0
1219,554895.0
1220,555924.0
1221,555963.0
1222,556108.0
1223,557737.0
1224,558372.0
1225,558413.0
1226,558579.0
1227,559206.0
1228,559245.0
1229,559307.0
1230,559975.0
1231,560581.0
1232,561051.0
1233,561460.0
1234,561533.0
1235,562140.0
1236,562431.0
1237,563672.0
1238,564112.0
1239,564128.0
1240,564361.0
1241,564492.0
1242,564591.0
1243,565234.0
1244,565422.0
1245,566744.0
1246,566883.0
1247,567254.0
1248,567424.0
1249,568593.0
1250,569176.0
1251,569219.0
1252,569491.0
1253,569551.0
1254,569684.0
1255,569909.0
1256,570069.0
1257,570408.0
1258,570419.0
1259,571345.0
1260,571793.0
1261,572891.0
1262,573653.0
1263,573872.0
1264,574086.0
1265,574735.0
1266,574854.0
1267,575488.0
1268,576298.0
1269,576676.0
1270,577568.0
1271,578086.0
1272,578438.0
1273,579292.0
1274,579369.0
1275,579733.0
1276,580097.0
1277,580372.0
1278,580560.0
1279,580746.0
1280,582127.0
1281,582533.0
1282,582844.0
1283,583899.0
1284,584602.0
1285,584965.0
1286,585433.0
1287,585783.0
1288,586206.0
1289,586345.0
1290,586948.0
1291,587015.0
1292,587018.0
1293,587457.0
1294,588091.0
1295,589133.0
1296,589219.0
1297,591694.0
1298,591798.0
1299,591866.0
1300,592846.0
1301,593252.0
1302,593636.0
1303,593888.0
1304,594423.0
1305,594439.0
1306,594768.0
1307,595372.0
1308,595519.0
1309,596464.0
1310,596735.0
1311,597174.0
1312,597788.0
1313,597922.0
1314,598369.0
1315,598801.0
1316,598921.0
1317,598925.0
1318,598927.0
1319,598976.0
1320,598994.0
1321,599655.0
1322,600567.0
1323,600675.0
1324,600744.0
1325,601128.0
1326,601909.0
1327,602000.0
1328,603441.0
1329,603900.0
1330,604441.0
1331,604476.0
1332,604633.0
1333,605516.0
1334,606075.0
1335,606149.0
1336,607043.0
1337,607950.0
1338,608592.0
1339,609290.0
1340,609600.0
1341,610202.0
1342,610416.0
1343,610464.0
1344,610514.0
1345,610986.0
1346,611330.0
1347,612202.0
1348,612558.0
1349,612693.0
1350,612700.0
1351,613087.0
1352,613178.0
1353,613489.0
1354,613566.0
1355,613627.0
1356,613676.0
1357,614539.0
1358,614562.0
1359,614720.0
1360,614826.0
1361,615809.0
1362,617014.0
1363,617449.0
1364,617696.0
1365,617789.0
1366,617814.0
1367,618545.0
1368,619522.0
1369,619844.0
1370,621371.0
1371,621503.0
1372,621971.0
1373,622028.0
1374,622369.0
1375,623446.0
1376,623607.0
1377,623726.0
1378,624225.0
1379,624244.0
1380,625613.0
1381,625807.0
1382,626625.0
1383,626805.0
1384,626977.0
1385,627599.0
1386,627999.0
1387,628359.0
1388,629071.0
1389,629184.0
1390,630430.0
1391,630566.0
1392,632427.0
1393,632587.0
1394,632678.0
1395,632764.0
1396,632834.0
1397,633750.0
1398,634077.0
1399,634410.0
1400,634466.0
1401,634617.0
1402,635776.0
1403,636326.0
1404,636740.0
1405,636770.0
1406,637148.0
1407,637708.0
1408,637967.0
1409,638194.0
1410,638304.0
1411,638594.0
1412,638675.0
1413,638824.0
1414,639537.0
1415,639926.0
1416,640851.0
1417,641115.0
1418,641508.0
1419,641637.0
1420,642440.0
1421,642713.0
1422,642991.0
1423,643032.0
1424,643127.0
1425,643536.0
1426,643911.0
1427,643915.0
1428,644481.0
1429,644880.0
1430,645152.0
1431,645288.0
1432,645678.0
1433,646349.0
1434,646488.0
1435,646662.0
1436,647137.0
1437,647315.0
1438,647921.0
1439,649118.0
1440,649286.0
1441,649469.0
1442,649920.0
1443,650488.0
1444,651174.0
1445,652263.0
1446,652877.0
1447,653021.0
1448,653036.0
1449,653384.0
1450,653985.0
1451,654455.0
1452,654586.0
1453,655246.0
1454,655353.0
1455,656193.0
1456,656584.0
1457,656893.0
1458,656895.0
1459,657534.0
1460,658400.0
1461,659020.0
1462,659584.0
1463,659684.0
1464,660271.0
1465,662022.0
1466,662138.0
1467,662236.0
1468,662872.0
1469,663245.0
1470,663391.0
1471,663427.0
1472,663978.0
1473,664811.0
1474,664828.0
1475,665795.0
1476,666172.0
1477,666596.0
1478,666611.0
1479,666789.0
1480,668053.0
1481,668746.0
1482,668882.0
1483,669084.0
1484,669698.0
1485,669759.0
1486,669782.0
1487,669884.0
1488,670008.0
1489,670095.0
1490,670595.0
1491,671325.0
1492,671746.0
1493,672134.0
1494,672375.0
1495,672450.0
1496,672949.0
1497,674231.0
1498,674296.0
1499,674833.0
1500,674968.0
1501,675296.0
1502,675605.0
1503,675732.0
1504,676833.0
1505,676919.0
1506,677579.0
1507,678400.0
1508,678975.0
1509,679654.0
1510,680098.0
1511,680253.0
1512,680827.0
1513,681700.0
1514,682394.0
1515,682449.0
1516,683880.0
1517,684643.0
1518,684830.0
1519,685020.0
1520,685366.0
1521,685651.0
1522,686581.0
1523,687006.0
1524,687226.0
1525,688207.0
1526,688673.0
1527,688678.0
1528,689587.0
1529,690078.0
1530,690173.0
1531,690782.0
1532,691354.0
1533,691481.0
1534,692069.0
1535,692576.0
1536,692721.0
1537,692737.0
1538,692969.0
1539,693182.0
1540,693185.0
1541,693706.0
1542,693941.0
1543,694666.0
1544,694912.0
1545,695711.0
1546,695877.0
1547,696615.0
1548,697138.0
1549,697274.0
1550,697872.0
1551,698127.0
1552,698267.0
1553,698269.0
1554,698934.0
1555,699050.0
1556,699951.0
1557,700318.0
1558,700363.0
1559,701030.0
1560,701412.0
1561,701521.0
1562,701598.0
1563,701621.0
1564,702313.0
1565,703020.0
1566,703356.0
1567,703973.0
1568,704277.0
1569,704544.0
1570,704896.0
1571,704968.0
1572,706071.0
1573,706176.0
1574,706479.0
1575,706652.0
1576,707224.0
1577,707235.0
1578,707512.0
1579,708079.0
1580,708334.0
1581,708466.0
1582,708488.0
1583,709396.0
1584,710402.0
1585,710645.0
1586,711824.0
1587,713290.0
1588,713818.0
1589,714150.0
1590,714189.0
1591,714465.0
1592,714527.0
1593,714587.0
1594,715696.0
1595,716155.0
1596,717401.0
1597,717806.0
1598,718123.0
1599,718250.0
1600,718498.0
1601,718878.0
1602,719122.0
1603,719853.0
1604,719891.0
1605,720080.0
1606,721270.0
1607,721478.0
1608,721644.0
1609,722141.0
1610,722561.0
1611,723614.0
1612,724006.0
1613,724078.0
1614,724216.0
1615,724267.0
1616,724914.0
1617,724940.0
1618,725466.0
1619,725624.0
1620,726015.0
1621,726059.0
1622,726650.0
1623,727483.0
1624,727628.0
1625,727986.0
1626,728039.0
1627,729447.0
1628,729952.0
1629,730054.0
1630,730550.0
1631,731437.0
1632,731599.0
1633,731678.0
1634,731873.0
1635,732869.0
1636,733324.0
1637,733552.0
1638,734012.0
1639,734745.0
1640,734772.0
1641,735014.0
1642,735201.0
1643,735296.0
1644,736025.0
1645,736495.0
1646,736642.0
1647,736901.0
1648,737179.0
1649,737374.0
1650,737391.0
1651,737452.0
1652,738016.0
1653,738272.0
1654,738437.0
1655,738579.0
1656,738695.0
1657,739291.0
1658,739300.0
1659,739338.0
1660,739584.0
1661,739614.0
1662,739817.0
1663,740404.0
1664,740509.0
1665,740733.0
1666,740896.0
1667,740997.0
1668,741625.0
1669,742011.0
1670,742070.0
1671,742402.0
1672,742699.0
1673,742812.0
1674,744130.0
1675,744269.0
1676,744300.0
1677,744544.0
1678,744568.0
1679,745563.0
1680,745835.0
1681,746320.0
1682,746539.0
1683,746791.0
1684,746849.0
1685,747056.0
1686,747813.0
1687,747864.0
1688,747880.0
1689,748034.0
1690,750047.0
1691,750345.0
1692,750709.0
1693,750736.0
1694,750803.0
1695,751517.0
1696,751733.0
1697,752113.0
1698,752541.0
1699,752808.0
1700,753802.0
1701,754003.0
1702,755029.0
1703,755152.0
1704,755225.0
1705,755355.0
1706,756573.0
1707,757308.0
1708,757660.0
1709,757912.0
1710,758401.0
1711,761070.0
1712,761133.0
1713,761324.0
1714,761459.0
1715,762496.0
1716,762845.0
1717,762919.0
1718,763065.0
1719,764734.0
1720,765360.0
1721,765404.0
1722,765740.0
1723,765859.0
1724,766735.0
1725,767122.0
1726,767542.0
1727,768641.0
1728,768786.0
1729,768885.0
1730,769076.0
1731,769736.0
1732,769746.0
1733,769959.0
1734,770633.0
1735,770636.0
1736,770877.0
1737,771116.0
1738,771374.0
1739,771671.0
1740,771798.0
1741,771811.0
1742,772038.0
1743,772458.0
1744,774005.0
1745,774147.0
1746,774226.0
1747,774701.0
1748,775753.0
1749,775939.0
1750,776125.0
1751,777008.0
1752,777621.0
1753,778739.0
1754,779334.0
1755,779701.0
1756,779759.0
1757,779976.0
1758,779997.0
1759,780181.0
1760,781197.0
1761,783690.0
1762,783704.0
1763,783996.0
1764,784079.0
1765,784554.0
1766,784954.0
1767,785125.0
1768,785372.0
1769,786184.0
1770,786840.0
1771,787704.0
1772,787936.0
1773,788727.0
1774,789992.0
1775,790763.0
1776,790811.0
1777,790893.0
1778,791179.0
1779,791327.0
1780,791733.0
1781,792568.0
1782,793151.0
1783,793597.0
1784,793972.0
1785,794719.0
1786,796622.0
1787,797091.0
1788,797343.0
1789,798247.0
1790,799452.0
1791,799457.0
1792,799472.0
1793,799935.0
1794,799949.0
1795,799952.0
1796,800768.0
1797,800933.0
1798,801738.0
1799,801756.0
1800,802016.0
1801,802073.0
1802,802726.0
1803,803124.0
1804,803227.0
1805,803236.0
1806,803747.0
1807,804159.0
1808,805719.0
1809,805804.0
1810,805889.0
1811,805944.0
1812,806795.0
1813,807129.0
1814,807220.0
1815,807250.0
1816,808411.0
1817,809115.0
1818,809141.0
1819,810546.0
1820,811453.0
1821,811579.0
1822,812221.0
1823,812302.0
1824,812788.0
1825,812935.0
1826,813308.0
1827,813610.0
1828,814621.0
1829,815210.0
1830,815370.0
1831,815677.0
1832,816500.0
1833,816566.0
1834,816570.0
1835,816851.0
1836,816870.0
1837,817202.0
1838,817370.0
1839,817915.0
1840,818682.0
1841,818808.0
1842,819035.0
1843,819214.0
1844,819531.0
1845,820176.0
1846,820369.0
1847,820501.0
1848,821420.0
1849,822278.0
1850,822289.0
1851,823105.0
1852,823107.0
1853,823223.0
1854,823678.0
1855,824257.0
1856,825607.0
1857,826992.0
1858,827681.0
1859,827701.0
1860,827767.0
1861,827970.0
1862,828299.0
1863,829515.0
1864,829946.0
1865,831185.0
1866,831551.0
1867,831771.0
1868,831837.0
1869,832066.0
1870,832629.0
1871,832680.0
1872,833839.0
1873,833867.0
1874,835826.0
1875,836249.0
1876,836756.0
1877,838239.0
1878,839038.0
1879,839722.0
1880,840643.0
1881,840742.0
1882,840908.0
1883,840964.0
1884,840970.0
1885,841385.0
1886,841606.0
1887,841991.0
1888,842543.0
1889,842746.0
1890,842778.0
1891,842801.0
1892,842869.0
1893,843170.0
1894,843855.0
1895,844456.0
1896,844468.0
1897,844738.0
1898,844998.0
1899,845252.0
1900,845692.0
1901,847243.0
1902,847840.0
1903,848341.0
1904,848653.0
1905,848690.0
1906,849125.0
1907,850066.0
1908,851251.0
1909,852037.0
1910,852150.0
1911,852187.0
1912,853314.0
1913,854224.0
1914,854322.0
1915,855466.0
1916,855534.0
1917,855807.0
1918,856181.0
1919,856271.0
1920,856383.0
1921,856956.0
1922,857704.0
1923,857789.0
1924,857831.0
1925,858090.0
1926,858129.0
1927,858790.0
1928,859103.0
1929,859366.0
1930,859380.0
1931,860288.0
1932,860766.0
1933,861197.0
1934,861758.0
1935,862133.0
1936,862401.0
1937,863169.0
1938,863297.0
1939,863380.0
1940,863740.0
1941,864581.0
1942,864802.0
1943,865383.0
1944,865700.0
1945,865775.0
1946,866008.0
1947,866206.0
1948,866497.0
1949,866788.0
1950,867688.0
1951,868046.0
1952,868613.0
1953,868923.0
1954,869140.0
1955,870023.0
1956,870917.0
1957,871603.0
1958,874376.0
1959,874463.0
1960,874551.0
1961,874899.0
1962,875042.0
1963,875081.0
1964,875219.0
1965,875442.0
1966,876613.0
1967,876972.0
1968,876988.0
1969,877448.0
1970,878124.0
1971,878329.0
1972,879016.0
1973,879342.0
1974,880240.0
1975,880945.0
1976,881003.0
1977,881507.0
1978,882122.0
1979,882320.0
1980,882621.0
1981,882651.0
1982,883086.0
1983,884384.0
1984,884501.0
1985,885458.0
1986,885540.0
1987,885620.0
1988,885743.0
1989,885823.0
1990,886269.0
1991,886797.0
1992,887402.0
1993,887533.0
1994,887568.0
1995,889518.0
1996,889683.0
1997,889883.0
1998,890040.0
1999,890198.0
2000,890202.0
2001,890716.0
2002,892655.0
2003,893002.0
2004,893704.0
2005,894059.0
2006,895042.0
2007,895463.0
2008,896699.0
2009,898248.0
2010,898273.0
2011,898586.0
2012,900484.0
2013,900554.0
2014,901298.0
2015,901334.0
2016,901509.0
2017,901937.0
2018,902722.0
2019,902813.0
2020,902945.0
2021,903057.0
2022,903094.0
2023,903175.0
2024,903341.0
2025,903452.0
2026,903594.0
2027,903906.0
2028,904651.0
2029,905008.0
2030,905015.0
2031,906457.0
2032,908864.0
2033,909285.0
2034,909706.0
2035,910300.0
2036,911255.0
2037,911433.0
2038,911576.0
2039,911725.0
2040,914427.0
2041,916032.0
2042,916804.0
2043,917257.0
2044,917321.0
2045,918258.0
2046,919802.0
2047,920499.0
2048,921138.0
2049,921429.0
2050,921841.0
2051,921889.0
2052,921989.0
2053,923859.0
2054,925111.0
2055,925493.0
2056,927195.0
2057,927272.0
2058,927893.0
2059,928128.0
2060,928240.0
2061,928276.0
2062,928669.0
2063,929206.0
2064,929541.0
2065,930131.0
2066,930230.0
2067,930727.0
2068,932176.0
2069,932468.0
2070,932837.0
2071,933465.0
2072,934311.0
2073,935675.0
2074,936794.0
2075,936840.0
2076,936847.0
2077,937366.0
2078,938088.0
2079,938226.0
2080,938951.0
2081,939775.0
2082,940876.0
2083,941195.0
2084,941746.0
2085,942058.0
2086,942120.0
2087,942161.0
2088,942281.0
2089,942406.0
2090,942654.0
2091,942948.0
2092,943080.0
2093,943287.0
2094,944568.0
2095,944702.0
2096,945414.0
2097,946769.0
2098,947079.0
2099,948117.0
2100,949037.0
2101,949660.0
2102,949753.0
2103,950587.0
2104,951053.0
2105,951457.0
2106,951934.0
2107,952063.0
2108,952125.0
2109,952450.0
2110,952741.0
2111,953660.0
2112,954154.0
2113,954473.0
2114,954530.0
2115,954706.0
2116,954997.0
2117,955126.0
2118,955383.0
2119,955934.0
2120,956124.0
2121,956307.0
2122,956441.0
2123,957191.0
2124,957250.0
2125,957504.0
2126,957659.0
2127,957673.0
2128,958456.0
2129,959275.0
2130,959550.0
2131,959616.0
2132,959719.0
2133,961438.0
2134,963618.0
2135,963853.0
2136,964095.0
2137,964282.0
2138,964422.0
2139,965008.0
2140,965010.0
2141,965275.0
2142,966761.0
2143,968145.0
2144,968329.0
2145,968447.0
2146,968745.0
2147,969048.0
2148,969106.0
2149,969986.0
2150,970237.0
2151,970360.0
2152,971367.0
2153,972503.0
2154,973946.0
2155,974642.0
2156,974780.0
2157,975473.0
2158,976591.0
2159,976881.0
2160,977209.0
2161,977632.0
2162,978307.0
2163,978553.0
2164,980226.0
2165,980229.0
2166,980340.0
2167,980343.0
2168,980353.0
2169,980366.0
2170,980701.0
2171,980936.0
2172,981735.0
2173,983190.0
2174,984728.0
2175,985063.0
2176,985238.0
2177,985638.0
2178,985723.0
2179,985927.0
2180,986174.0
2181,987020.0
2182,987275.0
2183,987428.0
2184,987516.0
2185,987544.0
2186,987715.0
2187,987859.0
2188,988626.0
2189,989185.0
2190,989612.0
2191,991202.0
2192,991409.0
2193,991675.0
2194,992337.0
2195,992441.0
2196,992709.0
2197,994793.0
2198,994844.0
2199,995862.0
2200,996884.0
2201,997057.0
2202,997422.0
2203,997850.0
2204,998707.0
2205,998716.0
2206,998953.0
2207,999892.0
2208,1000073.0
2209,1000840.0
2210,1001938.0
2211,1002556.0
2212,1002679.0
2213,1002947.0
2214,1003029.0
2215,1003734.0
2216,1004594.0
2217,1004793.0
2218,1005369.0
2219,1005387.0
2220,1005574.0
2221,1006099.0
2222,1006343.0
2223,1008577.0
2224,1009349.0
2225,1009936.0
2226,1010806.0
2227,1011346.0
2228,1011549.0
2229,1011630.0
2230,1012319.0
2231,1012729.0
2232,1012845.0
2233,1013100.0
2234,1013141.0
2235,1013187.0
2236,1013439.0
2237,1013477.0
2238,1013665.0
2239,1014323.0
2240,1015762.0
2241,1015766.0
2242,1016100.0
2243,1017009.0
2244,1017077.0
2245,1017618.0
2246,1018121.0
2247,1018969.0
2248,1019033.0
2249,1019394.0
2250,1020436.0
2251,1020971.0
2252,1021334.0
2253,1021703.0
2254,1021727.0
2255,1022902.0
2256,1023812.0
2257,1023850.0
2258,1024101.0
2259,1024226.0
2260,1024349.0
2261,1024844.0
2262,1025372.0
2263,1025535.0
2264,1025750.0
2265,1025862.0
2266,1026557.0
2267,1027079.0
2268,1028845.0
2269,1028956.0
2270,1029356.0
2271,1029360.0
2272,1030872.0
2273,1031169.0
2274,1031467.0
2275,1031879.0
2276,1031934.0
2277,1032496.0
2278,1032666.0
2279,1034286.0
2280,1034322.0
2281,1034703.0
2282,1034795.0
2283,1034805.0
2284,1035038.0
2285,1035490.0
2286,1035578.0
2287,1036091.0
2288,1036792.0
2289,1038339.0
2290,1038494.0
2291,1038686.0
2292,1040392.0
2293,1040749.0
2294,1040874.0
2295,1041425.0
2296,1042474.0
2297,1042741.0
2298,1043285.0
2299,1043335.0
2300,1045561.0
2301,1045581.0
2302,1046285.0
2303,1046299.0
2304,1046935.0
2305,1047738.0
2306,1048658.0
2307,1049305.0
2308,1050501.0
2309,1050590.0
2310,1050867.0
2311,1051435.0
2312,1051933.0
2313,1052225.0
2314,1053326.0
2315,1053683.0
2316,1056520.0
2317,1056672.0
2318,1057029.0
2319,1058619.0
2320,1058835.0
2321,1059095.0
2322,1059818.0
2323,1060151.0
2324,1062347.0
2325,1062918.0
2326,1063153.0
2327,1063324.0
2328,1063766.0
2329,1063909.0
2330,1064109.0
2331,1064210.0
2332,1064861.0
2333,1064897.0
2334,1065380.0
2335,1065862.0
2336,1066017.0
2337,1066474.0
2338,1067781.0
2339,1068073.0
2340,1068090.0
2341,1070911.0
2342,1070961.0
2343,1071205.0
2344,1071244.0
2345,1071378.0
2346,1072437.0
2347,1073426.0
2348,1073707.0
2349,1073821.0
2350,1074003.0
2351,1074404.0
2352,1075258.0
2353,1077268.0
2354,1077643.0
2355,1078853.0
2356,1078892.0
2357,1079229.0
2358,1079346.0
2359,1079488.0
2360,1080744.0
2361,1080892.0
2362,1080977.0
2363,1081212.0
2364,1081380.0
2365,1081381.0
2366,1081900.0
2367,1082021.0
2368,1082122.0
2369,1082353.0
2370,1082735.0
2371,1082924.0
2372,1083118.0
2373,1083476.0
2374,1083567.0
2375,1084254.0
2376,1084388.0
2377,1084678.0
2378,1084740.0
2379,1085019.0
2380,1085220.0
2381,1085423.0
2382,1086020.0
2383,1086745.0
2384,1086979.0
2385,1087063.0
2386,1087429.0
2387,1089203.0
2388,1089510.0
2389,1090104.0
2390,1091717.0
2391,1091831.0
2392,1092166.0
2393,1092215.0
2394,1092444.0
2395,1092514.0
2396,1093764.0
2397,1094671.0
2398,1094849.0
2399,1094976.0
2400,1095414.0
2401,1095964.0
2402,1096232.0
2403,1096797.0
2404,1097019.0
2405,1097059.0
2406,1097725.0
2407,1097815.0
2408,1099256.0
2409,1099438.0
2410,1099701.0
2411,1100412.0
2412,1100644.0
2413,1100817.0
2414,1101925.0
2415,1102123.0
2416,1102316.0
2417,1102368.0
2418,1102449.0
2419,1102677.0
2420,1102839.0
2421,1103614.0
2422,1103719.0
2423,1104170.0
2424,1104383.0
2425,1104394.0
2426,1105366.0
2427,1105451.0
2428,1105931.0
2429,1106055.0
2430,1106174.0
2431,1106744.0
2432,1106901.0
2433,1107096.0
2434,1107182.0
2435,1107241.0
2436,1107507.0
2437,1107515.0
2438,1107607.0
2439,1109751.0
2440,1109831.0
2441,1110581.0
2442,1111422.0
2443,1112431.0
2444,1112954.0
2445,1113862.0
2446,1114214.0
2447,1114497.0
2448,1115468.0
2449,1116025.0
2450,1116076.0
2451,1116092.0
2452,1116392.0
2453,1116698.0
2454,1116812.0
2455,1117133.0
2456,1117389.0
2457,1118460.0
2458,1118941.0
2459,1120618.0
2460,1120660.0
2461,1120866.0
2462,1121012.0
2463,1121255.0
2464,1121891.0
2465,1121947.0
2466,1122308.0
2467,1122457.0
2468,1122959.0
2469,1124515.0
2470,1125580.0
2471,1125989.0
2472,1126099.0
2473,1126420.0
2474,1126478.0
2475,1126920.0
2476,1127746.0
2477,1128616.0
2478,1128939.0
2479,1130426.0
2480,1130520.0
2481,1130946.0
2482,1131595.0
2483,1131625.0
2484,1131668.0
2485,1132382.0
2486,1132392.0
2487,1133347.0
2488,1133937.0
2489,1133959.0
2490,1134651.0
2491,1135340.0
2492,1137825.0
2493,1138231.0
2494,1139337.0
2495,1139366.0
2496,1139555.0
2497,1139885.0
2498,1140501.0
2499,1142199.0
2500,1142619.0
2501,1142770.0
2502,1143160.0
2503,1145668.0
2504,1146159.0
2505,1146269.0
2506,1146412.0
2507,1146846.0
2508,1147140.0
2509,1147150.0
2510,1147422.0
2511,1147974.0
2512,1148812.0
2513,1149053.0
2514,1149820.0
2515,1150251.0
2516,1150423.0
2517,1150537.0
2518,1151380.0
2519,1152513.0
2520,1152708.0
2521,1152887.0
2522,1153115.0
2523,1153422.0
2524,1153711.0
2525,1154176.0
2526,1154792.0
2527,1155440.0
2528,1155880.0
2529,1155886.0
2530,1156393.0
2531,1157419.0
2532,1157586.0
2533,1157590.0
2534,1158606.0
2535,1159406.0
2536,1159484.0
2537,1159523.0
2538,1161166.0
2539,1161526.0
2540,1161543.0
2541,1161857.0
2542,1161897.0
2543,1162466.0
2544,1162764.0
2545,1164674.0
2546,1165238.0
2547,1166002.0
2548,1166228.0
2549,1166861.0
2550,1168425.0
2551,1169032.0
2552,1169128.0
2553,1169264.0
2554,1169474.0
2555,1169602.0
2556,1169864.0
2557,1171320.0
2558,1171340.0
2559,1172358.0
2560,1173089.0
2561,1173403.0
2562,1173466.0
2563,1173706.0
2564,1174697.0
2565,1175704.0
2566,1176056.0
2567,1177060.0
2568,1177635.0
2569,1178236.0
2570,1178769.0
2571,1179366.0
2572,1179375.0
2573,1180612.0
2574,1180653.0
2575,1181068.0
2576,1181383.0
2577,1181526.0
2578,1182323.0
2579,1183022.0
2580,1183454.0
2581,1183573.0
2582,1183700.0
2583,1184646.0
2584,1184654.0
2585,1184694.0
2586,1185114.0
2587,1185619.0
2588,1185642.0
2589,1186043.0
2590,1186310.0
2591,1186605.0
2592,1186871.0
2593,1187370.0
2594,1187516.0
2595,1187541.0
2596,1188196.0
2597,1188399.0
2598,1188534.0
2599,1189025.0
2600,1189733.0
2601,1191272.0
2602,1191325.0
2603,1191509.0
2604,1191775.0
2605,1191781.0
2606,1192072.0
2607,1192361.0
2608,1194353.0
2609,1195968.0
2610,1196172.0
2611,1196363.0
2612,1196522.0
2613,1197082.0
2614,1197165.0
2615,1198060.0
2616,1198501.0
2617,1199495.0
2618,1201006.0
2619,1201043.0
2620,1201992.0
2621,1202001.0
2622,1202884.0
2623,1204723.0
2624,1205976.0
2625,1208299.0
2626,1208865.0
2627,1209828.0
2628,1209931.0
2629,1211281.0
2630,1211862.0
2631,1212328.0
2632,1213569.0
2633,1213644.0
2634,1215919.0
2635,1216994.0
2636,1217585.0
2637,1219835.0
2638,1219927.0
2639,1220422.0
2640,1221311.0
2641,1221669.0
2642,1222049.0
2643,1222063.0
2644,1222224.0
2645,1222413.0
2646,1222536.0
2647,1222552.0
2648,1223269.0
2649,1223643.0
2650,1224748.0
2651,1225027.0
2652,1226287.0
2653,1226316.0
2654,1226459.0
2655,1226629.0
2656,1227374.0
2657,1227981.0
2658,1228017.0
2659,1229613.0
2660,1230259.0
2661,1230454.0
2662,1230640.0
2663,1230857.0
2664,1231158.0
2665,1232120.0
2666,1232465.0
2667,1232688.0
2668,1233495.0
2669,1234192.0
2670,1234583.0
2671,1234794.0
2672,1235374.0
2673,1235486.0
2674,1236124.0
2675,1237032.0
2676,1237293.0
2677,1238006.0
2678,1238091.0
2679,1239239.0
2680,1239490.0
2681,1239696.0
2682,1240323.0
2683,1240541.0
2684,1241371.0
2685,1241700.0
2686,1242699.0
2687,1243164.0
2688,1243778.0
2689,1244151.0
2690,1244215.0
2691,1244701.0
2692,1244848.0
2693,1245514.0
2694,1246615.0
2695,1247070.0
2696,1247319.0
2697,1247457.0
2698,1247477.0
2699,1247522.0
2700,1248193.0
2701,1248646.0
2702,1248891.0
2703,1248913.0
2704,1249517.0
2705,1249991.0
2706,1250062.0
2707,1250441.0
2708,1251095.0
2709,1251791.0
2710,1252189.0
2711,1252900.0
2712,1253171.0
2713,1253192.0
2714,1254437.0
2715,1254664.0
2716,1255054.0
2717,1255472.0
2718,1256163.0
2719,1256242.0
2720,1256577.0
2721,1257455.0
2722,1258189.0
2723,1258299.0
2724,1260700.0
2725,1261877.0
2726,1262178.0
2727,1262239.0
2728,1262342.0
2729,1262408.0
2730,1262460.0
2731,1262941.0
2732,1263184.0
2733,1263785.0
2734,1264012.0
2735,1264211.0
2736,1265096.0
2737,1265270.0
2738,1265394.0
2739,1266527.0
2740,1266736.0
2741,1267302.0
2742,1268522.0
2743,1268540.0
2744,1269152.0
2745,1270891.0
2746,1271377.0
2747,1271744.0
2748,1272002.0
2749,1272257.0
2750,1272967.0
2751,1273075.0
2752,1273115.0
2753,1273347.0
2754,1273482.0
2755,1274338.0
2756,1274996.0
2757,1275078.0
2758,1276876.0
2759,1276931.0
2760,1277612.0
2761,1277708.0
2762,1278042.0
2763,1278599.0
2764,1279284.0
2765,1280484.0
2766,1280667.0
2767,1281142.0
2768,1281790.0
2769,1281964.0
2770,1282150.0
2771,1283314.0
2772,1283926.0
2773,1284001.0
2774,1284428.0
2775,1284597.0
2776,1284689.0
2777,1285125.0
2778,1285431.0
2779,1285505.0
2780,1285772.0
2781,1285832.0
2782,1286439.0
2783,1287048.0
2784,1287409.0
2785,1287756.0
2786,1287856.0
2787,1288180.0
2788,1288427.0
2789,1288575.0
2790,1288880.0
2791,1289612.0
2792,1290423.0
2793,1290873.0
2794,1291182.0
2795,1294001.0
2796,1294355.0
2797,1294400.0
2798,1294551.0
2799,1295082.0
2800,1295951.0
2801,1296246.0
2802,1296428.0
2803,1297090.0
2804,1298414.0
2805,1298495.0
2806,1298676.0
2807,1298799.0
2808,1299387.0
2809,1299911.0
2810,1300773.0
2811,1300809.0
2812,1301201.0
2813,1301505.0
2814,1301747.0
2815,1301836.0
2816,1301924.0
2817,1301971.0
2818,1302168.0
2819,1302623.0
2820,1302723.0
2821,1302900.0
2822,1303013.0
2823,1303730.0
2824,1304661.0
2825,1305259.0
2826,1306541.0
2827,1306961.0
2828,1307406.0
2829,1308121.0
2830,1308276.0
2831,1309218.0
2832,1310031.0
2833,1310666.0
2834,1311066.0
2835,1311242.0
2836,1311734.0
2837,1312175.0
2838,1312442.0
2839,1313333.0
2840,1313658.0
2841,1314114.0
2842,1314197.0
2843,1315629.0
2844,1315871.0
2845,1316539.0
2846,1316636.0
2847,1316690.0
2848,1316767.0
2849,1317390.0
2850,1318414.0
2851,1318474.0
2852,1320179.0
2853,1320202.0
2854,1320432.0
2855,1320638.0
2856,1320797.0
2857,1320934.0
2858,1321321.0
2859,1321512.0
2860,1321552.0
2861,1322369.0
2862,1323059.0
2863,1323544.0
2864,1323708.0
2865,1325446.0
2866,1326703.0
2867,1327123.0
2868,1327202.0
2869,1327208.0
2870,1328099.0
2871,1328887.0
2872,1330171.0
2873,1330445.0
2874,1330487.0
2875,1331006.0
2876,1331046.0
2877,1331288.0
2878,1332089.0
2879,1332712.0
2880,1332999.0
2881,1333256.0
2882,1333362.0
2883,1333826.0
2884,1334170.0
2885,1334660.0
2886,1334852.0
2887,1335067.0
2888,1335114.0
2889,1336966.0
2890,1337290.0
2891,1337559.0
2892,1337584.0
2893,1339214.0
2894,1341214.0
2895,1341245.0
2896,1342738.0
2897,1343188.0
2898,1343958.0
2899,1344159.0
2900,1344299.0
2901,1345110.0
2902,1346352.0
2903,1346788.0
2904,1347767.0
2905,1350242.0
2906,1350575.0
2907,1350738.0
2908,1351361.0
2909,1351424.0
2910,1351563.0
2911,1351634.0
2912,1352291.0
2913,1352418.0
2914,1352905.0
2915,1353203.0
2916,1353568.0
2917,1354129.0
2918,1354174.0
2919,1355018.0
2920,1355597.0
2921,1355627.0
2922,1356338.0
2923,1357498.0
2924,1358567.0
2925,1358811.0
2926,1358826.0
2927,1359127.0
2928,1359230.0
2929,1359844.0
2930,1360576.0
2931,1360944.0
2932,1361687.0
2933,1362005.0
2934,1362904.0
2935,1363535.0
2936,1365669.0
2937,1365757.0
2938,1368434.0
2939,1368624.0
2940,1369168.0
2941,1369350.0
2942,1369836.0
2943,1369947.0
2944,1370255.0
2945,1373211.0
2946,1373720.0
2947,1373855.0
2948,1374443.0
2949,1375310.0
2950,1376099.0
2951,1376441.0
2952,1376531.0
2953,1376790.0
2954,1377729.0
2955,1378642.0
2956,1378741.0
2957,1379357.0
2958,1379957.0
2959,1380039.0
2960,1380466.0
2961,1381179.0
2962,1382757.0
2963,1383888.0
2964,1383928.0
2965,1385082.0
2966,1385828.0
2967,1385844.0
2968,1385917.0
2969,1385918.0
2970,1386120.0
2971,1386193.0
2972,1386317.0
2973,1386577.0
2974,1387036.0
2975,1387252.0
2976,1387469.0
2977,1387493.0
2978,1388406.0
2979,1389200.0
2980,1389238.0
2981,1389345.0
2982,1390211.0
2983,1391641.0
2984,1391760.0
2985,1391826.0
2986,1393251.0
2987,1393254.0
2988,1394505.0
2989,1395585.0
2990,1396168.0
2991,1396373.0
2992,1398152.0
2993,1398234.0
2994,1398496.0
2995,1400067.0
2996,1400490.0
2997,1400538.0
2998,1401097.0
2999,1401693.0
3000,1401940.0
3001,1402041.0
3002,1402178.0
3003,1402991.0
3004,1403233.0
3005,1403595.0
3006,1403761.0
3007,1404222.0
3008,1404674.0
3009,1404807.0
3010,1404901.0
3011,1406573.0
3012,1407533.0
3013,1407844.0
3014,1408063.0
3015,1408954.0
3016,1409506.0
3017,1409684.0
3018,1409866.0
3019,1410756.0
3020,1411330.0
3021,1411406.0
3022,1411648.0
3023,1412370.0
3024,1413009.0
3025,1414530.0
3026,1415126.0
3027,1415549.0
3028,1417458.0
3029,1418007.0
3030,1418098.0
3031,1418130.0
3032,1419726.0
3033,1420104.0
3034,1420391.0
3035,1422692.0
3036,1423804.0
3037,1424257.0
3038,1425067.0
3039,1426078.0
3040,1426142.0
3041,1426638.0
3042,1426640.0
3043,1427511.0
3044,1428605.0
3045,1430306.0
3046,1430666.0
3047,1430687.0
3048,1431833.0
3049,1431887.0
3050,1431903.0
3051,1432067.0
3052,1432218.0
3053,1432717.0
3054,1432756.0
3055,1433003.0
3056,1433654.0
3057,1435721.0
3058,1435828.0
3059,1435897.0
3060,1436272.0
3061,1438416.0
3062,1438529.0
3063,1438933.0
3064,1439590.0
3065,1439736.0
3066,1439750.0
3067,1439837.0
3068,1439977.0
3069,1440015.0
3070,1440523.0
3071,1440664.0
3072,1440890.0
3073,1440898.0
3074,1440924.0
3075,1442319.0
3076,1442984.0
3077,1443716.0
3078,1443876.0
3079,1444119.0
3080,1444228.0
3081,1444263.0
3082,1444527.0
3083,1445028.0
3084,1445145.0
3085,1445146.0
3086,1445275.0
3087,1446516.0
3088,1447519.0
3089,1447540.0
3090,1447905.0
3091,1448875.0
3092,1449573.0
3093,1449682.0
3094,1449953.0
3095,1450865.0
3096,1451386.0
3097,1452342.0
3098,1453260.0
3099,1453394.0
3100,1453801.0
3101,1454197.0
3102,1454242.0
3103,1454561.0
3104,1454720.0
3105,1454932.0
3106,1455607.0
3107,1456152.0
3108,1456509.0
3109,1457687.0
3110,1458425.0
3111,1460417.0
3112,1460543.0
3113,1460744.0
3114,1461481.0
3115,1462746.0
3116,1464295.0
3117,1464395.0
3118,1464496.0
3119,1465161.0
3120,1466037.0
3121,1466575.0
3122,1466813.0
3123,1467161.0
3124,1468686.0
3125,1468845.0
3126,1469167.0
3127,1469535.0
3128,1469768.0
3129,1470069.0
3130,1470498.0
3131,1470722.0
3132,1470950.0
3133,1472281.0
3134,1472476.0
3135,1472947.0
3136,1473052.0
3137,1474036.0
3138,1474344.0
3139,1474651.0
3140,1474951.0
3141,1475815.0
3142,1476175.0
3143,1476300.0
3144,1476731.0
3145,1477246.0
3146,1478184.0
3147,1478283.0
3148,1478802.0
3149,1479430.0
3150,1479941.0
3151,1480503.0
3152,1480515.0
3153,1480542.0
3154,1480951.0
3155,1481535.0
3156,1481769.0
3157,1482721.0
3158,1482947.0
3159,1483356.0
3160,1483377.0
3161,1483451.0
3162,1484575.0
3163,1484588.0
3164,1484593.0
3165,1484596.0
3166,1486150.0
3167,1486206.0
3168,1486594.0
3169,1486709.0
3170,1487824.0
3171,1488354.0
3172,1488518.0
3173,1488679.0
3174,1489469.0
3175,1489703.0
3176,1490033.0
3177,1490306.0
3178,1491536.0
3179,1492014.0
3180,1492290.0
3181,1492529.0
3182,1493097.0
3183,1493107.0
3184,1493338.0
3185,1493544.0
3186,1494092.0
3187,1494688.0
3188,1495837.0
3189,1497175.0
3190,1497242.0
3191,1498240.0
3192,1498505.0
3193,1498564.0
3194,1498835.0
3195,1498840.0
3196,1499661.0
3197,1500263.0
3198,1500554.0
3199,1501261.0
3200,1501533.0
3201,1501601.0
3202,1502276.0
3203,1503727.0
3204,1504064.0
3205,1504240.0
3206,1504563.0
3207,1504679.0
3208,1504716.0
3209,1505313.0
3210,1505681.0
3211,1505777.0
3212,1506295.0
3213,1506320.0
3214,1506612.0
3215,1507665.0
3216,1508966.0
3217,1510675.0
3218,1510839.0
3219,1511213.0
3220,1511310.0
3221,1511387.0
3222,1511547.0
3223,1511751.0
3224,1511824.0
3225,1513170.0
3226,1513949.0
3227,1514212.0
3228,1514478.0
3229,1514573.0
3230,1514613.0
3231,1514777.0
3232,1516942.0
3233,1517104.0
3234,1517563.0
3235,1519034.0
3236,1519708.0
3237,1519882.0
3238,1519940.0
3239,1520017.0
3240,1520091.0
3241,1520101.0
3242,1520223.0
3243,1522153.0
3244,1522563.0
3245,1525361.0
3246,1526363.0
3247,1526783.0
3248,1527435.0
3249,1527674.0
3250,1528109.0
3251,1528360.0
3252,1528756.0
3253,1529467.0
3254,1530673.0
3255,1532278.0
3256,1532444.0
3257,1532749.0
3258,1532771.0
3259,1532833.0
3260,1532960.0
3261,1533135.0
3262,1533722.0
3263,1534134.0
3264,1534143.0
3265,1534516.0
3266,1535839.0
3267,1537034.0
3268,1537074.0
3269,1538160.0
3270,1538492.0
3271,1539109.0
3272,1539689.0
3273,1539810.0
3274,1539911.0
3275,1540624.0
3276,1541287.0
3277,1541774.0
3278,1541981.0
3279,1542203.0
3280,1542778.0
3281,1542905.0
3282,1544083.0
3283,1544268.0
3284,1544876.0
3285,1546442.0
3286,1546635.0
3287,1547668.0
3288,1548504.0
3289,1549680.0
3290,1550152.0
3291,1550470.0
3292,1550562.0
3293,1552249.0
3294,1554840.0
3295,1555483.0
3296,1556223.0
3297,1556942.0
3298,1558864.0
3299,1559803.0
3300,1560185.0
3301,1561188.0
3302,1561783.0
3303,1561981.0
3304,1562119.0
3305,1562131.0
3306,1562149.0
3307,1562273.0
3308,1563108.0
3309,1563209.0
3310,1563509.0
3311,1563601.0
3312,1565037.0
3313,1565134.0
3314,1565368.0
3315,1566079.0
3316,1566974.0
3317,1567113.0
3318,1567187.0
3319,1567203.0
3320,1567290.0
3321,1568025.0
3322,1568310.0
3323,1569195.0
3324,1569757.0
3325,1569935.0
3326,1570375.0
3327,1570745.0
3328,1571313.0
3329,1571917.0
3330,1572052.0
3331,1572150.0
3332,1572421.0
3333,1572797.0
3334,1572833.0
3335,1572865.0
3336,1573029.0
3337,1574935.0
3338,1574959.0
3339,1575110.0
3340,1576649.0
3341,1576704.0
3342,1577352.0
3343,1578239.0
3344,1578810.0
3345,1579061.0
3346,1579850.0
3347,1580281.0
3348,1580369.0
3349,1581729.0
3350,1581971.0
3351,1582398.0
3352,1583218.0
3353,1584655.0
3354,1586847.0
3355,1587146.0
3356,1587228.0
3357,1587442.0
3358,1587585.0
3359,1587670.0
3360,1587891.0
3361,1588408.0
3362,1589169.0
3363,1590281.0
3364,1590284.0
3365,1590786.0
3366,1590948.0
3367,1591557.0
3368,1592309.0
3369,1592928.0
3370,1594585.0
3371,1595566.0
3372,1595851.0
3373,1596426.0
3374,1598145.0
3375,1599108.0
3376,1600127.0
3377,1600520.0
3378,1600641.0
3379,1601160.0
3380,1601605.0
3381,1602807.0
3382,1603587.0
3383,1604011.0
3384,1604235.0
3385,1604403.0
3386,1604588.0
3387,1605018.0
3388,1605032.0
3389,1605780.0
3390,1606840.0
3391,1607087.0
3392,1607457.0
3393,1607800.0
3394,1609187.0
3395,1609477.0
3396,1609601.0
3397,1609725.0
3398,1609899.0
3399,1609973.0
3400,1610115.0
3401,1610423.0
3402,1610614.0
3403,1610996.0
3404,1611559.0
3405,1611904.0
3406,1611906.0
3407,1611970.0
3408,1612214.0
3409,1612344.0
3410,1612503.0
3411,1612611.0
3412,1613346.0
3413,1614217.0
3414,1614480.0
3415,1614526.0
3416,1615767.0
3417,1616412.0
3418,1618766.0
3419,1619095.0
3420,1619354.0
3421,1619548.0
3422,1619992.0
3423,1620012.0
3424,1621870.0
3425,1623562.0
3426,1623751.0
3427,1624066.0
3428,1624182.0
3429,1624824.0
3430,1625473.0
3431,1625562.0
3432,1625800.0
3433,1626497.0
3434,1627757.0
3435,1628056.0
3436,1628510.0
3437,1628757.0
3438,1629360.0
3439,1629791.0
3440,1630168.0
3441,1630203.0
3442,1630256.0
3443,1630891.0
3444,1630922.0
3445,1630942.0
3446,1630958.0
3447,1631176.0
3448,1631502.0
3449,1631527.0
3450,1631835.0
3451,1632401.0
3452,1632408.0
3453,1633198.0
3454,1634925.0
3455,1635185.0
3456,1635610.0
3457,1636089.0
3458,1636157.0
3459,1636763.0
3460,1636764.0
3461,1637640.0
3462,1637785.0
3463,1640397.0
3464,1640875.0
3465,1641609.0
3466,1641945.0
3467,1642063.0
3468,1642473.0
3469,1642781.0
3470,1642839.0
3471,1643778.0
3472,1645366.0
3473,1647160.0
3474,1647358.0
3475,1647510.0
3476,1648463.0
3477,1648558.0
3478,1649076.0
3479,1649259.0
3480,1650397.0
3481,1650548.0
3482,1650682.0
3483,1650861.0
3484,1652267.0
3485,1652614.0
3486,1653199.0
3487,1654174.0
3488,1654544.0
3489,1655307.0
3490,1655711.0
3491,1656024.0
3492,1656025.0
3493,1656177.0
3494,1656713.0
3495,1657450.0
3496,1658112.0
3497,1658172.0
3498,1658468.0
3499,1658607.0
3500,1658630.0
3501,1658767.0
3502,1659515.0
3503,1660030.0
3504,1660824.0
3505,1661323.0
3506,1662821.0
3507,1662922.0
3508,1663003.0
3509,1663542.0
3510,1664393.0
3511,1664771.0
3512,1664864.0
3513,1665233.0
3514,1665771.0
3515,1667089.0
3516,1667121.0
3517,1667247.0
3518,1667638.0
3519,1669101.0
3520,1669267.0
3521,1669529.0
3522,1670143.0
3523,1670194.0
3524,1670277.0
3525,1670490.0
3526,1671535.0
3527,1672104.0
3528,1672635.0
3529,1672657.0
3530,1673124.0
3531,1673205.0
3532,1673670.0
3533,1674276.0
3534,1674372.0
3535,1674801.0
3536,1676167.0
3537,1676470.0
3538,1677881.0
3539,1678438.0
3540,1678439.0
3541,1679522.0
3542,1679579.0
3543,1680249.0
3544,1681627.0
3545,1681850.0
3546,1682005.0
3547,1683171.0
3548,1683264.0
3549,1683888.0
3550,1685995.0
3551,1686182.0
3552,1686288.0
3553,1686945.0
3554,1687668.0
3555,1689561.0
3556,1689964.0
3557,1690006.0
3558,1690268.0
3559,1690321.0
3560,1691567.0
3561,1691788.0
3562,1692732.0
3563,1693459.0
3564,1693495.0
3565,1693524.0
3566,1693539.0
3567,1693599.0
3568,1694044.0
3569,1694127.0
3570,1694420.0
3571,1696059.0
3572,1696226.0
3573,1697379.0
3574,1697442.0
3575,1698041.0
3576,1698646.0
3577,1699324.0
3578,1699784.0
3579,1700496.0
3580,1700591.0
3581,1701259.0
3582,1701692.0
3583,1702003.0
3584,1702476.0
3585,1702714.0
3586,1702853.0
3587,1703466.0
3588,1703745.0
3589,1704981.0
3590,1705189.0
3591,1705590.0
3592,1705594.0
3593,1706321.0
3594,1706781.0
3595,1707121.0
3596,1707659.0
3597,1708128.0
3598,1708779.0
3599,1708807.0
3600,1708834.0
3601,1709100.0
3602,1709186.0
3603,1709752.0
3604,1710316.0
3605,1711947.0
3606,1712177.0
3607,1712371.0
3608,1712405.0
3609,1712548.0
3610,1713247.0
3611,1714456.0
3612,1714602.0
3613,1714694.0
3614,1715264.0
3615,1716010.0
3616,1716381.0
3617,1717240.0
3618,1717259.0
3619,1718187.0
3620,1718349.0
3621,1718859.0
3622,1718942.0
3623,1719336.0
3624,1719954.0
3625,1720974.0
3626,1721200.0
3627,1722443.0
3628,1722662.0
3629,1722743.0
3630,1723154.0
3631,1726159.0
3632,1726455.0
3633,1727195.0
3634,1727700.0
3635,1727852.0
3636,1729092.0
3637,1729473.0
3638,1730063.0
3639,1731289.0
3640,1731704.0
3641,1731799.0
3642,1731900.0
3643,1732179.0
3644,1732593.0
3645,1732668.0
3646,1732913.0
3647,1733225.0
3648,1733484.0
3649,1733644.0
3650,1733962.0
3651,1734154.0
3652,1734606.0
3653,1735547.0
3654,1735972.0
3655,1736458.0
3656,1737636.0
3657,1738980.0
3658,1739624.0
3659,1739670.0
3660,1740067.0
3661,1741772.0
3662,1742179.0
3663,1743819.0
3664,1744282.0
3665,1744522.0
3666,1744536.0
3667,1744602.0
3668,1745529.0
3669,1746508.0
3670,1746959.0
3671,1747101.0
3672,1748874.0
3673,1749216.0
3674,1749806.0
3675,1750129.0
3676,1750390.0
3677,1750495.0
3678,1751464.0
3679,1751621.0
3680,1752067.0
3681,1752097.0
3682,1752147.0
3683,1753277.0
3684,1754089.0
3685,1755141.0
3686,1755178.0
3687,1755423.0
3688,1755455.0
3689,1755826.0
3690,1756129.0
3691,1757204.0
3692,1758209.0
3693,1759029.0
3694,1759593.0
3695,1760227.0
3696,1760485.0
3697,1760604.0
3698,1761268.0
3699,1762265.0
3700,1762715.0
3701,1762908.0
3702,1763522.0
3703,1763581.0
3704,1764095.0
3705,1764643.0
3706,1764816.0
3707,1765057.0
3708,1766521.0
3709,1767773.0
3710,1768052.0
3711,1768565.0
3712,1769040.0
3713,1769802.0
3714,1769989.0
3715,1770359.0
3716,1770548.0
3717,1771177.0
3718,1771998.0
3719,1772803.0
3720,1773448.0
3721,1773594.0
3722,1773668.0
3723,1774320.0
3724,1775433.0
3725,1776101.0
3726,1777041.0
3727,1777046.0
3728,1777187.0
3729,1777242.0
3730,1777383.0
3731,1779126.0
3732,1780347.0
3733,1780483.0
3734,1780747.0
3735,1781475.0
3736,1781506.0
3737,1781797.0
3738,1782201.0
3739,1783236.0
3740,1783275.0
3741,1783796.0
3742,1784635.0
3743,1784742.0
3744,1785602.0
3745,1786046.0
3746,1786722.0
3747,1786874.0
3748,1787041.0
3749,1787267.0
3750,1787764.0
3751,1788716.0
3752,1789874.0
3753,1790181.0
3754,1790847.0
3755,1792105.0
3756,1793163.0
3757,1793419.0
3758,1793478.0
3759,1794011.0
3760,1794117.0
3761,1795058.0
3762,1795331.0
3763,1796164.0
3764,1796931.0
3765,1796932.0
3766,1798351.0
3767,1798481.0
3768,1798639.0
3769,1798896.0
3770,1799311.0
3771,1799488.0
3772,1800970.0
3773,1801268.0
3774,1801389.0
3775,1801619.0
3776,1802009.0
3777,1803821.0
3778,1805679.0
3779,1805991.0
3780,1807157.0
3781,1807233.0
3782,1807510.0
3783,1808098.0
3784,1808161.0
3785,1808343.0
3786,1809602.0
3787,1810381.0
3788,1811363.0
3789,1811534.0
3790,1812366.0
3791,1812376.0
3792,1812639.0
3793,1813565.0
3794,1815166.0
3795,1815504.0
3796,1816210.0
3797,1816982.0
3798,1817477.0
3799,1817610.0
3800,1818370.0
3801,1818649.0
3802,1818908.0
3803,1818928.0
3804,1819749.0
3805,1820130.0
3806,1820751.0
3807,1821111.0
3808,1821818.0
3809,1821900.0
3810,1822225.0
3811,1822286.0
3812,1822460.0
3813,1822493.0
3814,1822740.0
3815,1822981.0
3816,1823047.0
3817,1823687.0
3818,1823948.0
3819,1824039.0
3820,1824170.0
3821,1824554.0
3822,1824627.0
3823,1824995.0
3824,1825182.0
3825,1826555.0
3826,1828054.0
3827,1828165.0
3828,1828716.0
3829,1829097.0
3830,1829157.0
3831,1831977.0
3832,1832321.0
3833,1832345.0
3834,1832751.0
3835,1833540.0
3836,1833610.0
3837,1833907.0
3838,1834173.0
3839,1834708.0
3840,1835535.0
3841,1836087.0
3842,1836167.0
3843,1836680.0
3844,1836945.0
3845,1837455.0
3846,1837627.0
3847,1838614.0
3848,1839559.0
3849,1841489.0
3850,1841893.0
3851,1843165.0
3852,1843643.0
3853,1846000.0
3854,1846076.0
3855,1846222.0
3856,1847291.0
3857,1847318.0
3858,1847354.0
3859,1848521.0
3860,1849565.0
3861,1850147.0
3862,1850220.0
3863,1850299.0
3864,1850877.0
3865,1851726.0
3866,1852045.0
3867,1852664.0
3868,1852704.0
3869,1852989.0
3870,1853338.0
3871,1853369.0
3872,1854060.0
3873,1854126.0
3874,1856233.0
3875,1856387.0
3876,1856455.0
3877,1856498.0
3878,1856577.0
3879,1856665.0
3880,1856918.0
3881,1856975.0
3882,1857774.0
3883,1858881.0
3884,1858936.0
3885,1860104.0
3886,1860142.0
3887,1860920.0
3888,1861009.0
3889,1861121.0
3890,1862009.0
3891,1862753.0
3892,1863266.0
3893,1864249.0
3894,1864362.0
3895,1864561.0
3896,1864573.0
3897,1865505.0
3898,1865598.0
3899,1865988.0
3900,1866155.0
3901,1866377.0
3902,1866708.0
3903,1867591.0
3904,1868985.0
3905,1869141.0
3906,1870466.0
3907,1871651.0
3908,1871973.0
3909,1872479.0
3910,1872604.0
3911,1873123.0
3912,1873134.0
3913,1873800.0
3914,1873817.0
3915,1874142.0
3916,1874176.0
3917,1874778.0
3918,1874884.0
3919,1875180.0
3920,1876013.0
3921,1876201.0
3922,1876958.0
3923,1877735.0
3924,1878169.0
3925,1878973.0
3926,1879563.0
3927,1880958.0
3928,1882311.0
3929,1882312.0
3930,1882352.0
3931,1882480.0
3932,1884069.0
3933,1884209.0
3934,1884717.0
3935,1884921.0
3936,1885272.0
3937,1885680.0
3938,1885707.0
3939,1887225.0
3940,1887378.0
3941,1888205.0
3942,1888523.0
3943,1888725.0
3944,1888869.0
3945,1889786.0
3946,1890118.0
3947,1890163.0
3948,1890695.0
3949,1890920.0
3950,1891413.0
3951,1891642.0
3952,1892573.0
3953,1892607.0
3954,1892668.0
3955,1893300.0
3956,1894280.0
3957,1894515.0
3958,1894836.0
3959,1895194.0
3960,1896747.0
3961,1897264.0
3962,1897507.0
3963,1897675.0
3964,1897749.0
3965,1898052.0
3966,1898593.0
3967,1898874.0
3968,1899212.0
3969,1900578.0
3970,1901449.0
3971,1903279.0
3972,1904830.0
3973,1904994.0
3974,1906005.0
3975,1907538.0
3976,1908091.0
3977,1908164.0
3978,1908187.0
3979,1908346.0
3980,1908546.0
3981,1909172.0
3982,1909329.0
3983,1909374.0
3984,1909777.0
3985,1909986.0
3986,1910218.0
3987,1910260.0
3988,1910507.0
3989,1910584.0
3990,1911889.0
3991,1912376.0
3992,1913528.0
3993,1913581.0
3994,1914311.0
3995,1914772.0
3996,1914989.0
3997,1915762.0
3998,1916164.0
3999,1916854.0
4000,1917110.0
4001,1918150.0
4002,1918156.0
4003,1918172.0
4004,1918178.0
4005,1919088.0
4006,1919870.0
4007,1920305.0
4008,1920428.0
4009,1920928.0
4010,1921052.0
4011,1922468.0
4012,1922522.0
4013,1923113.0
4014,1923899.0
4015,1923963.0
4016,1924013.0
4017,1924161.0
4018,1924568.0
4019,1925028.0
4020,1926123.0
4021,1926532.0
4022,1927391.0
4023,1928542.0
4024,1930427.0
4025,1931304.0
4026,1931614.0
4027,1931703.0
4028,1932617.0
4029,1934341.0
4030,1934568.0
4031,1935005.0
4032,1938025.0
4033,1938309.0
4034,1938607.0
4035,1939322.0
4036,1939847.0
4037,1940726.0
4038,1940835.0
4039,1940993.0
4040,1941700.0
4041,1941731.0
4042,1941888.0
4043,1942044.0
4044,1942071.0
4045,1942390.0
4046,1942643.0
4047,1943062.0
4048,1943531.0
4049,1943702.0
4050,1943871.0
4051,1944045.0
4052,1944489.0
4053,1944555.0
4054,1944826.0
4055,1944918.0
4056,1945300.0
4057,1946038.0
4058,1946483.0
4059,1946485.0
4060,1947053.0
4061,1949935.0
4062,1950015.0
4063,1951271.0
4064,1951844.0
4065,1951848.0
4066,1952157.0
4067,1952221.0
4068,1952283.0
4069,1952666.0
4070,1952723.0
4071,1952724.0
4072,1953703.0
4073,1954155.0
4074,1954782.0
4075,1954995.0
4076,1955619.0
4077,1956361.0
4078,1956780.0
4079,1957627.0
4080,1957781.0
4081,1958422.0
4082,1958629.0
4083,1958980.0
4084,1959501.0
4085,1960263.0
4086,1960433.0
4087,1960579.0
4088,1961569.0
4089,1961595.0
4090,1962162.0
4091,1962913.0
4092,1963142.0
4093,1963555.0
4094,1964318.0
4095,1964653.0
4096,1964745.0
4097,1965037.0
4098,1965049.0
4099,1966091.0
4100,1966275.0
4101,1966320.0
4102,1967409.0
4103,1967551.0
4104,1968479.0
4105,1968621.0
4106,1969049.0
4107,1969059.0
4108,1969419.0
4109,1969453.0
4110,1970243.0
4111,1970684.0
4112,1971687.0
4113,1972561.0
4114,1972813.0
4115,1974582.0
4116,1974708.0
4117,1974746.0
4118,1975021.0
4119,1975250.0
4120,1975429.0
4121,1976822.0
4122,1977316.0
4123,1977438.0
4124,1978357.0
4125,1979798.0
4126,1980124.0
4127,1980252.0
4128,1981068.0
4129,1981324.0
4130,1981455.0
4131,1981647.0
4132,1982060.0
4133,1982110.0
4134,1982258.0
4135,1982423.0
4136,1982807.0
4137,1983326.0
4138,1983445.0
4139,1983465.0
4140,1984153.0
4141,1984590.0
4142,1984901.0
4143,1985143.0
4144,1985617.0
4145,1985946.0
4146,1986207.0
4147,1986665.0
4148,1987359.0
4149,1987584.0
4150,1987720.0
4151,1987750.0
4152,1987814.0
4153,1988176.0
4154,1988227.0
4155,1988229.0
4156,1989690.0
4157,1989709.0
4158,1990396.0
4159,1991419.0
4160,1991966.0
4161,1993424.0
4162,1993983.0
4163,1994781.0
4164,1995346.0
4165,1996238.0
4166,1996539.0
4167,1997906.0
4168,1998124.0
4169,1998143.0
4170,1998471.0
4171,1998835.0
4172,1998874.0
4173,1999096.0
4174,1999571.0
4175,2000184.0
4176,2000207.0
4177,2000834.0
4178,2001264.0
4179,2001362.0
4180,2001444.0
4181,2001724.0
4182,2001838.0
4183,2002110.0
4184,2002667.0
4185,2003682.0
4186,2004029.0
4187,2004294.0
4188,2004917.0
4189,2005242.0
4190,2006564.0
4191,2006859.0
4192,2007828.0
4193,2009896.0
4194,2010133.0
4195,2010160.0
4196,2010859.0
4197,2011044.0
4198,2012051.0
4199,2012271.0
4200,2013851.0
4201,2013925.0
4202,2014794.0
4203,2015727.0
4204,2015748.0
4205,2015983.0
4206,2016192.0
4207,2016245.0
4208,2016280.0
4209,2016440.0
4210,2017151.0
4211,2017791.0
4212,2018126.0
4213,2018439.0
4214,2019632.0
4215,2020111.0
4216,2020129.0
4217,2020997.0
4218,2021060.0
4219,2023168.0
4220,2023626.0
4221,2023890.0
4222,2023906.0
4223,2024770.0
4224,2024928.0
4225,2025690.0
4226,2025820.0
4227,2026158.0
4228,2026252.0
4229,2026899.0
4230,2027738.0
4231,2027906.0
4232,2028043.0
4233,2028220.0
4234,2028493.0
4235,2028568.0
4236,2030185.0
4237,2030586.0
4238,2030592.0
4239,2031808.0
4240,2032079.0
4241,2032453.0
4242,2032726.0
4243,2033330.0
4244,2033481.0
4245,2033788.0
4246,2033898.0
4247,2034995.0
4248,2035006.0
4249,2035356.0
4250,2035427.0
4251,2035442.0
4252,2037930.0
4253,2039682.0
4254,2040227.0
4255,2041465.0
4256,2041994.0
4257,2043272.0
4258,2044078.0
4259,2044264.0
4260,2045936.0
4261,2046278.0
4262,2046802.0
4263,2047710.0
4264,2047716.0
4265,2048316.0
4266,2048585.0
4267,2049101.0
4268,2049685.0
4269,2050068.0
4270,2050136.0
4271,2050230.0
4272,2050236.0
4273,2050245.0
4274,2050402.0
4275,2050888.0
4276,2052242.0
4277,2052556.0
4278,2052786.0
4279,2052837.0
4280,2053032.0
4281,2054048.0
4282,2054534.0
4283,2054570.0
4284,2054902.0
4285,2055812.0
4286,2056723.0
4287,2056835.0
4288,2057028.0
4289,2058687.0
4290,2060370.0
4291,2060872.0
4292,2061623.0
4293,2061795.0
4294,2061979.0
4295,2062048.0
4296,2063695.0
4297,2064634.0
4298,2064698.0
4299,2065211.0
4300,2065546.0
4301,2066111.0
4302,2066955.0
4303,2067760.0
4304,2067914.0
4305,2068063.0
4306,2068267.0
4307,2068795.0
4308,2069386.0
4309,2069567.0
4310,2069945.0
4311,2070455.0
4312,2070573.0
4313,2070758.0
4314,2071376.0
4315,2071471.0
4316,2071639.0
4317,2071764.0
4318,2072593.0
4319,2073436.0
4320,2074900.0
4321,2075717.0
4322,2076105.0
4323,2076291.0
4324,2076323.0
4325,2076458.0
4326,2077205.0
4327,2077221.0
4328,2077407.0
4329,2077696.0
4330,2078210.0
4331,2078870.0
4332,2079009.0
4333,2079897.0
4334,2080847.0
4335,2080952.0
4336,2080984.0
4337,2081900.0
4338,2082509.0
4339,2082545.0
4340,2082957.0
4341,2083261.0
4342,2084010.0
4343,2085163.0
4344,2085686.0
4345,2085987.0
4346,2086567.0
4347,2087783.0
4348,2088536.0
4349,2088874.0
4350,2088876.0
4351,2091508.0
4352,2092139.0
4353,2093487.0
4354,2093789.0
4355,2094298.0
4356,2094313.0
4357,2094494.0
4358,2094590.0
4359,2095805.0
4360,2095872.0
4361,2096253.0
4362,2097294.0
4363,2097811.0
4364,2098397.0
4365,2098792.0
4366,2100971.0
4367,2101466.0
4368,2102246.0
4369,2102674.0
4370,2103017.0
4371,2103585.0
4372,2104183.0
4373,2104492.0
4374,2104936.0
4375,2105539.0
4376,2106186.0
4377,2107884.0
4378,2108150.0
4379,2108967.0
4380,2109780.0
4381,2110411.0
4382,2110954.0
4383,2111547.0
4384,2111569.0
4385,2112576.0
4386,2113608.0
4387,2113679.0
4388,2113901.0
4389,2114195.0
4390,2116195.0
4391,2116432.0
4392,2117135.0
4393,2118823.0
4394,2119498.0
4395,2120239.0
4396,2121063.0
4397,2121962.0
4398,2122095.0
4399,2122183.0
4400,2122676.0
4401,2123032.0
4402,2123800.0
4403,2124415.0
4404,2125228.0
4405,2125503.0
4406,2125594.0
4407,2125995.0
4408,2126134.0
4409,2126316.0
4410,2126481.0
4411,2127433.0
4412,2127479.0
4413,2128021.0
4414,2128365.0
4415,2129300.0
4416,2129415.0
4417,2129665.0
4418,2129680.0
4419,2131126.0
4420,2131777.0
4421,2132216.0
4422,2132322.0
4423,2133152.0
4424,2133215.0
4425,2133762.0
4426,2134227.0
4427,2134603.0
4428,2135378.0
4429,2135967.0
4430,2136129.0
4431,2137037.0
4432,2137897.0
4433,2138440.0
4434,2138533.0
4435,2139000.0
4436,2139540.0
4437,2139595.0
4438,2139823.0
4439,2140454.0
4440,2140580.0
4441,2141148.0
4442,2141297.0
4443,2142856.0
4444,2143290.0
4445,2143667.0
4446,2144731.0
4447,2144860.0
4448,2145621.0
4449,2145700.0
4450,2146118.0
4451,2146486.0
4452,2147053.0
4453,2148299.0
4454,2149270.0
4455,2150332.0
4456,2150487.0
4457,2150797.0
4458,2151505.0
4459,2152805.0
4460,2154359.0
4461,2154943.0
4462,2155911.0
4463,2156022.0
4464,2157905.0
4465,2158195.0
4466,2158355.0
4467,2158507.0
4468,2158981.0
4469,2159503.0
4470,2160857.0
4471,2160881.0
4472,2161230.0
4473,2161895.0
4474,2162017.0
4475,2162607.0
4476,2162738.0
4477,2163179.0
4478,2163354.0
4479,2163375.0
4480,2163898.0
4481,2165639.0
4482,2166035.0
4483,2166250.0
4484,2166486.0
4485,2166582.0
4486,2168017.0
4487,2168321.0
4488,2168706.0
4489,2168915.0
4490,2168931.0
4491,2170084.0
4492,2171199.0
4493,2171245.0
4494,2172096.0
4495,2173034.0
4496,2173782.0
4497,2175744.0
4498,2176033.0
4499,2176378.0
4500,2176822.0
4501,2177051.0
4502,2177642.0
4503,2178133.0
4504,2180460.0
4505,2181513.0
4506,2182525.0
4507,2184895.0
4508,2185189.0
4509,2185323.0
4510,2186368.0
4511,2186562.0
4512,2187057.0
4513,2187879.0
4514,2188517.0
4515,2188851.0
4516,2188958.0
4517,2189098.0
4518,2189146.0
4519,2189639.0
4520,2191054.0
4521,2191083.0
4522,2191159.0
4523,2191975.0
4524,2192557.0
4525,2193060.0
4526,2193170.0
4527,2193410.0
4528,2193554.0
4529,2193898.0
4530,2194289.0
4531,2194569.0
4532,2195434.0
4533,2195478.0
4534,2196708.0
4535,2197768.0
4536,2198088.0
4537,2198202.0
4538,2198315.0
4539,2198327.0
4540,2198588.0
4541,2198795.0
4542,2198822.0
4543,2198905.0
4544,2198907.0
4545,2199068.0
4546,2199394.0
4547,2199695.0
4548,2200200.0
4549,2200568.0
4550,2200675.0
4551,2203796.0
4552,2205316.0
4553,2205901.0
4554,2206101.0
4555,2206143.0
4556,2206365.0
4557,2207142.0
4558,2207421.0
4559,2207547.0
4560,2209382.0
4561,2212149.0
4562,2212169.0
4563,2212195.0
4564,2214470.0
4565,2215272.0
4566,2215963.0
4567,2216459.0
4568,2216540.0
4569,2217151.0
4570,2218105.0
4571,2218520.0
4572,2219120.0
4573,2219271.0
4574,2219773.0
4575,2220878.0
4576,2222655.0
4577,2223386.0
4578,2223646.0
4579,2223904.0
4580,2224218.0
4581,2224840.0
4582,2225553.0
4583,2225712.0
4584,2226402.0
4585,2227331.0
4586,2227887.0
4587,2228008.0
4588,2228217.0
4589,2228495.0
4590,2229776.0
4591,2230197.0
4592,2230642.0
4593,2230964.0
4594,2231761.0
4595,2232648.0
4596,2232916.0
4597,2233783.0
4598,2234083.0
4599,2234381.0
4600,2236308.0
4601,2237102.0
4602,2238357.0
4603,2239154.0
4604,2239924.0
4605,2240117.0
4606,2240338.0
4607,2240395.0
4608,2240399.0
4609,2240810.0
4610,2240821.0
4611,2240896.0
4612,2241573.0
4613,2242269.0
4614,2242571.0
4615,2242702.0
4616,2243280.0
4617,2243509.0
4618,2245618.0
4619,2246520.0
4620,2246532.0
4621,2247057.0
4622,2247373.0
4623,2247378.0
4624,2247449.0
4625,2247928.0
4626,2248673.0
4627,2250688.0
4628,2250773.0
4629,2252106.0
4630,2252493.0
4631,2254138.0
4632,2254430.0
4633,2254856.0
4634,2254903.0
4635,2254981.0
4636,2255025.0
4637,2255274.0
4638,2255279.0
4639,2255781.0
4640,2256573.0
4641,2256661.0
4642,2256746.0
4643,2257788.0
4644,2257927.0
4645,2258518.0
4646,2259803.0
4647,2261511.0
4648,2261559.0
4649,2262311.0
4650,2262336.0
4651,2262520.0
4652,2262794.0
4653,2263291.0
4654,2264100.0
4655,2264894.0
4656,2265763.0
4657,2265934.0
4658,2267868.0
4659,2268041.0
4660,2268514.0
4661,2268711.0
4662,2269017.0
4663,2269191.0
4664,2269581.0
4665,2270017.0
4666,2270807.0
4667,2271413.0
4668,2271415.0
4669,2271425.0
4670,2271829.0
4671,2272077.0
4672,2273080.0
4673,2273222.0
4674,2274122.0
4675,2274249.0
4676,2274547.0
4677,2274942.0
4678,2276758.0
4679,2278380.0
4680,2278381.0
4681,2278414.0
4682,2279619.0
4683,2279771.0
4684,2281665.0
4685,2281763.0
4686,2282911.0
4687,2283046.0
4688,2283223.0
4689,2283884.0
4690,2284953.0
4691,2285289.0
4692,2285815.0
4693,2285957.0
4694,2287261.0
4695,2287916.0
4696,2288130.0
4697,2288177.0
4698,2288194.0
4699,2288345.0
4700,2288970.0
4701,2289732.0
4702,2290304.0
4703,2291183.0
4704,2291726.0
4705,2292343.0
4706,2292665.0
4707,2293067.0
4708,2293989.0
4709,2294318.0
4710,2294913.0
4711,2295368.0
4712,2295650.0
4713,2296080.0
4714,2296668.0
4715,2297974.0
4716,2299056.0
4717,2299201.0
4718,2299474.0
4719,2299669.0
4720,2300117.0
4721,2300282.0
4722,2300611.0
4723,2302611.0
4724,2302672.0
4725,2302707.0
4726,2303062.0
4727,2303611.0
4728,2303862.0
4729,2304428.0
4730,2305556.0
4731,2306995.0
4732,2308248.0
4733,2308414.0
4734,2308673.0
4735,2308917.0
4736,2309595.0
4737,2309610.0
4738,2310212.0
4739,2310481.0
4740,2311043.0
4741,2311354.0
4742,2314439.0
4743,2314692.0
4744,2314908.0
4745,2315014.0
4746,2315646.0
4747,2316080.0
4748,2316427.0
4749,2317138.0
4750,2317334.0
4751,2317391.0
4752,2318316.0
4753,2318975.0
4754,2319081.0
4755,2319304.0
4756,2319431.0
4757,2319701.0
4758,2320792.0
4759,2321683.0
4760,2322434.0
4761,2322768.0
4762,2323003.0
4763,2323692.0
4764,2324008.0
4765,2324303.0
4766,2324969.0
4767,2325740.0
4768,2325855.0
4769,2325891.0
4770,2326036.0
4771,2326321.0
4772,2326860.0
4773,2327088.0
4774,2327537.0
4775,2329468.0
4776,2329747.0
4777,2330246.0
4778,2330461.0
4779,2330742.0
4780,2330852.0
4781,2331595.0
4782,2334219.0
4783,2334501.0
4784,2336222.0
4785,2336282.0
4786,2336911.0
4787,2337230.0
4788,2337405.0
4789,2337470.0
4790,2337645.0
4791,2337985.0
4792,2338846.0
4793,2339446.0
4794,2339636.0
4795,2340433.0
4796,2340445.0
4797,2340523.0
4798,2340547.0
4799,2340720.0
4800,2341278.0
4801,2341716.0
4802,2342224.0
4803,2342285.0
4804,2343321.0
4805,2344820.0
4806,2345071.0
4807,2345422.0
4808,2346621.0
4809,2346760.0
4810,2346822.0
4811,2346878.0
4812,2347988.0
4813,2348139.0
4814,2348498.0
4815,2349351.0
4816,2349396.0
4817,2349965.0
4818,2351531.0
4819,2351594.0
4820,2351758.0
4821,2352120.0
4822,2352153.0
4823,2354344.0
4824,2358630.0
4825,2359224.0
4826,2359764.0
4827,2359870.0
4828,2359883.0
4829,2359980.0
4830,2360516.0
4831,2360695.0
4832,2363608.0
4833,2363959.0
4834,2364323.0
4835,2365492.0
4836,2367181.0
4837,2367263.0
4838,2368264.0
4839,2368668.0
4840,2369444.0
4841,2369838.0
4842,2370912.0
4843,2371721.0
4844,2372156.0
4845,2372993.0
4846,2373429.0
4847,2375349.0
4848,2375639.0
4849,2375721.0
4850,2375775.0
4851,2376693.0
4852,2376846.0
4853,2377217.0
4854,2377848.0
4855,2378529.0
4856,2378547.0
4857,2379558.0
4858,2379941.0
4859,2379947.0
4860,2380085.0
4861,2381068.0
4862,2381577.0
4863,2382368.0
4864,2382671.0
4865,2383079.0
4866,2383290.0
4867,2383784.0
4868,2383907.0
4869,2384358.0
4870,2384481.0
4871,2385962.0
4872,2386227.0
4873,2386945.0
4874,2386948.0
4875,2387310.0
4876,2387634.0
4877,2388492.0
4878,2389770.0
4879,2390169.0
4880,2390769.0
4881,2390813.0
4882,2391395.0
4883,2391910.0
4884,2391971.0
4885,2392055.0
4886,2392897.0
4887,2393086.0
4888,2393254.0
4889,2394177.0
4890,2394229.0
4891,2394460.0
4892,2396364.0
4893,2397174.0
4894,2397314.0
4895,2397888.0
4896,2398343.0
4897,2398558.0
4898,2398687.0
4899,2399491.0
4900,2400103.0
4901,2400764.0
4902,2400921.0
4903,2401486.0
4904,2403539.0
4905,2403697.0
4906,2403964.0
4907,2404312.0
4908,2405432.0
4909,2405583.0
4910,2405678.0
4911,2405940.0
4912,2406107.0
4913,2406164.0
4914,2406512.0
4915,2407072.0
4916,2407481.0
4917,2407622.0
4918,2408253.0
4919,2408740.0
4920,2408849.0
4921,2408851.0
4922,2410206.0
4923,2411910.0
4924,2412042.0
4925,2414591.0
4926,2414681.0
4927,2415858.0
4928,2415967.0
4929,2416062.0
4930,2416110.0
4931,2416377.0
4932,2417193.0
4933,2417712.0
4934,2418494.0
4935,2418677.0
4936,2419302.0
4937,2419355.0
4938,2419372.0
4939,2419961.0
4940,2421094.0
4941,2421326.0
4942,2421501.0
4943,2421587.0
4944,2422113.0
4945,2422575.0
4946,2423340.0
4947,2423618.0
4948,2423660.0
4949,2423897.0
4950,2424379.0
4951,2424693.0
4952,2424694.0
4953,2424935.0
4954,2425495.0
4955,2425570.0
4956,2426290.0
4957,2426776.0
4958,2427972.0
4959,2428806.0
4960,2430206.0
4961,2432315.0
4962,2432419.0
4963,2432823.0
4964,2433066.0
4965,2433121.0
4966,2433546.0
4967,2434141.0
4968,2434251.0
4969,2435053.0
4970,2435456.0
4971,2435982.0
4972,2436328.0
4973,2437023.0
4974,2437504.0
4975,2437579.0
4976,2437885.0
4977,2438920.0
4978,2439229.0
4979,2439271.0
4980,2439327.0
4981,2440140.0
4982,2442435.0
4983,2443581.0
4984,2443968.0
4985,2444057.0
4986,2444103.0
4987,2445298.0
4988,2445705.0
4989,2446822.0
4990,2446969.0
4991,2447052.0
4992,2447100.0
4993,2447289.0
4994,2447649.0
4995,2448424.0
4996,2450346.0
4997,2451030.0
4998,2451857.0
4999,2452047.0
5000,2452484.0
5001,2452621.0
5002,2453391.0
5003,2454017.0
5004,2455216.0
5005,2455399.0
5006,2456241.0
5007,2456274.0
5008,2456621.0
5009,2457001.0
5010,2457840.0
5011,2457843.0
5012,2458056.0
5013,2458153.0
5014,2458318.0
5015,2458732.0
5016,2458885.0
5017,2459295.0
5018,2459701.0
5019,2461445.0
5020,2461992.0
5021,2462706.0
5022,2463309.0
5023,2463400.0
5024,2465254.0
5025,2466218.0
5026,2466336.0
5027,2466485.0
5028,2467222.0
5029,2467583.0
5030,2467635.0
5031,2467733.0
5032,2468222.0
5033,2468283.0
5034,2469241.0
5035,2469650.0
5036,2470258.0
5037,2470599.0
5038,2470726.0
5039,2470918.0
5040,2471101.0
5041,2471857.0
5042,2472318.0
5043,2472875.0
5044,2473940.0
5045,2475383.0
5046,2475531.0
5047,2477605.0
5048,2478546.0
5049,2479731.0
5050,2480067.0
5051,2480228.0
5052,2481217.0
5053,2481423.0
5054,2481848.0
5055,2482328.0
5056,2482922.0
5057,2483386.0
5058,2484602.0
5059,2485196.0
5060,2486394.0
5061,2487046.0
5062,2487407.0
5063,2487788.0
5064,2488415.0
5065,2489335.0
5066,2490525.0
5067,2491647.0
5068,2492587.0
5069,2493077.0
5070,2493353.0
5071,2493808.0
5072,2493855.0
5073,2494102.0
5074,2494635.0
5075,2495898.0
5076,2495957.0
5077,2496763.0
5078,2496838.0
5079,2497193.0
5080,2497611.0
5081,2499135.0
5082,2501067.0
5083,2502136.0
5084,2502260.0
5085,2503264.0
5086,2503393.0
5087,2504321.0
5088,2504364.0
5089,2504802.0
5090,2505049.0
5091,2505276.0
5092,2506099.0
5093,2506477.0
5094,2506742.0
5095,2507149.0
5096,2507357.0
5097,2509232.0
5098,2512185.0
5099,2512904.0
5100,2512923.0
5101,2513056.0
5102,2515621.0
5103,2515710.0
5104,2515718.0
5105,2516554.0
5106,2516746.0
5107,2517179.0
5108,2517463.0
5109,2517615.0
5110,2517759.0
5111,2518941.0
5112,2519145.0
5113,2519591.0
5114,2520434.0
5115,2520520.0
5116,2520784.0
5117,2521457.0
5118,2521613.0
5119,2521804.0
5120,2523267.0
5121,2523479.0
5122,2523770.0
5123,2524683.0
5124,2524861.0
5125,2525395.0
5126,2527370.0
5127,2527461.0
5128,2527556.0
5129,2528760.0
5130,2529421.0
5131,2529664.0
5132,2529689.0
5133,2530019.0
5134,2530027.0
5135,2530257.0
5136,2530482.0
5137,2530574.0
5138,2530703.0
5139,2531010.0
5140,2531064.0
5141,2531415.0
5142,2532769.0
5143,2532810.0
5144,2533499.0
5145,2534433.0
5146,2534874.0
5147,2535508.0
5148,2535975.0
5149,2536282.0
5150,2536826.0
5151,2537165.0
5152,2537320.0
5153,2537791.0
5154,2538017.0
5155,2538068.0
5156,2538508.0
5157,2538542.0
5158,2538646.0
5159,2538901.0
5160,2539074.0
5161,2539195.0
5162,2539204.0
5163,2539562.0
5164,2539693.0
5165,2540183.0
5166,2540202.0
5167,2540229.0
5168,2540831.0
5169,2541457.0
5170,2541988.0
5171,2542578.0
5172,2543057.0
5173,2543253.0
5174,2544205.0
5175,2544381.0
5176,2545534.0
5177,2545651.0
5178,2546510.0
5179,2546945.0
5180,2547022.0
5181,2547073.0
5182,2547199.0
5183,2547965.0
5184,2548076.0
5185,2548131.0
5186,2548585.0
5187,2549051.0
5188,2549992.0
5189,2550663.0
5190,2550944.0
5191,2551404.0
5192,2551687.0
5193,2552187.0
5194,2552686.0
5195,2553031.0
5196,2553447.0
5197,2553575.0
5198,2554399.0
5199,2554618.0
5200,2555358.0
5201,2555807.0
5202,2556544.0
5203,2557180.0
5204,2557841.0
5205,2558402.0
5206,2558899.0
5207,2560826.0
5208,2561168.0
5209,2561993.0
5210,2562190.0
5211,2562976.0
5212,2563068.0
5213,2563158.0
5214,2563198.0
5215,2563492.0
5216,2563543.0
5217,2564262.0
5218,2565251.0
5219,2566738.0
5220,2567291.0
5221,2567519.0
5222,2567863.0
5223,2568681.0
5224,2568849.0
5225,2569179.0
5226,2569314.0
5227,2570778.0
5228,2570992.0
5229,2571115.0
5230,2571939.0
5231,2572713.0
5232,2572729.0
5233,2573034.0
5234,2573658.0
5235,2573832.0
5236,2573845.0
5237,2574145.0
5238,2574185.0
5239,2574574.0
5240,2574780.0
5241,2574987.0
5242,2575065.0
5243,2575229.0
5244,2575422.0
5245,2576467.0
5246,2577089.0
5247,2577282.0
5248,2577430.0
5249,2578358.0
5250,2578699.0
5251,2578792.0
5252,2579223.0
5253,2579773.0
5254,2580670.0
5255,2580852.0
5256,2581039.0
5257,2581061.0
5258,2581191.0
5259,2581322.0
5260,2581833.0
5261,2582111.0
5262,2582529.0
5263,2582982.0
5264,2583061.0
5265,2583315.0
5266,2583371.0
5267,2583421.0
5268,2584097.0
5269,2584526.0
5270,2584873.0
5271,2585916.0
5272,2586014.0
5273,2586513.0
5274,2587193.0
5275,2587314.0
5276,2588532.0
5277,2589944.0
5278,2590154.0
5279,2591954.0
5280,2592263.0
5281,2592877.0
5282,2593454.0
5283,2594248.0
5284,2594347.0
5285,2594377.0
5286,2594639.0
5287,2595859.0
5288,2597612.0
5289,2598155.0
5290,2598597.0
5291,2598710.0
5292,2599554.0
5293,2600069.0
5294,2600123.0
5295,2600395.0
5296,2600574.0
5297,2600942.0
5298,2600999.0
5299,2601523.0
5300,2601864.0
5301,2602075.0
5302,2602429.0
5303,2602489.0
5304,2603118.0
5305,2603453.0
5306,2603578.0
5307,2603948.0
5308,2604173.0
5309,2605063.0
5310,2605330.0
5311,2607549.0
5312,2607993.0
5313,2609461.0
5314,2609636.0
5315,2609986.0
5316,2610039.0
5317,2610325.0
5318,2610937.0
5319,2611324.0
5320,2612165.0
5321,2612403.0
5322,2613222.0
5323,2613416.0
5324,2613674.0
5325,2614410.0
5326,2614567.0
5327,2614668.0
5328,2614781.0
5329,2615037.0
5330,2615102.0
5331,2615737.0
5332,2616051.0
5333,2616372.0
5334,2616628.0
5335,2616929.0
5336,2618360.0
5337,2618615.0
5338,2618674.0
5339,2618794.0
5340,2619474.0
5341,2619617.0
5342,2620496.0
5343,2620963.0
5344,2621006.0
5345,2621023.0
5346,2621196.0
5347,2621992.0
5348,2622265.0
5349,2623706.0
5350,2623963.0
5351,2624688.0
5352,2625181.0
5353,2626904.0
5354,2627573.0
5355,2628758.0
5356,2629719.0
5357,2631132.0
5358,2631157.0
5359,2632327.0
5360,2632968.0
5361,2633474.0
5362,2634026.0
5363,2634325.0
5364,2634671.0
5365,2636816.0
5366,2638029.0
5367,2638299.0
5368,2638529.0
5369,2638772.0
5370,2638913.0
5371,2640412.0
5372,2641170.0
5373,2641925.0
5374,2642474.0
5375,2642775.0
5376,2643621.0
5377,2643646.0
5378,2644141.0
5379,2645448.0
5380,2645575.0
5381,2645768.0
5382,2645840.0
5383,2645907.0
5384,2646366.0
5385,2646875.0
5386,2647899.0
5387,2648681.0
5388,2649840.0
5389,2650640.0
5390,2650922.0
5391,2651671.0
5392,2652042.0
5393,2652154.0
5394,2652200.0
5395,2652519.0
5396,2653240.0
5397,2653703.0
5398,2654168.0
5399,2654685.0
5400,2654714.0
5401,2655309.0
5402,2655423.0
5403,2655733.0
5404,2655925.0
5405,2656201.0
5406,2656875.0
5407,2657754.0
5408,2657828.0
5409,2658625.0
5410,2659530.0
5411,2659987.0
5412,2660501.0
5413,2661138.0
5414,2661274.0
5415,2661731.0
5416,2661967.0
5417,2662323.0
5418,2663608.0
5419,2663683.0
5420,2663895.0
5421,2663983.0
5422,2665243.0
5423,2665961.0
5424,2666136.0
5425,2667359.0
5426,2667738.0
5427,2667845.0
5428,2668087.0
5429,2668111.0
5430,2668134.0
5431,2668944.0
5432,2671361.0
5433,2671567.0
5434,2673421.0
5435,2673519.0
5436,2673561.0
5437,2674236.0
5438,2674780.0
5439,2674990.0
5440,2675564.0
5441,2676755.0
5442,2677300.0
5443,2677859.0
5444,2678301.0
5445,2678327.0
5446,2678571.0
5447,2679801.0
5448,2680098.0
5449,2680126.0
5450,2680185.0
5451,2680651.0
5452,2680668.0
5453,2681576.0
5454,2682470.0
5455,2682494.0
5456,2682726.0
5457,2683399.0
5458,2685575.0
5459,2686153.0
5460,2686249.0
5461,2686484.0
5462,2687684.0
5463,2687820.0
5464,2688120.0
5465,2688673.0
5466,2689263.0
5467,2689646.0
5468,2690729.0
5469,2690846.0
5470,2691989.0
5471,2692134.0
5472,2692432.0
5473,2693137.0
5474,2693509.0
5475,2693767.0
5476,2693944.0
5477,2694815.0
5478,2694855.0
5479,2695029.0
5480,2695554.0
5481,2696109.0
5482,2696843.0
5483,2697401.0
5484,2698059.0
5485,2698594.0
5486,2700189.0
5487,2700931.0
5488,2701331.0
5489,2702151.0
5490,2702242.0
5491,2702272.0
5492,2702352.0
5493,2702620.0
5494,2702933.0
5495,2703888.0
5496,2706457.0
5497,2707440.0
5498,2707521.0
5499,2707627.0
5500,2708051.0
5501,2709514.0
5502,2710038.0
5503,2710067.0
5504,2710300.0
5505,2710604.0
5506,2710833.0
5507,2712803.0
5508,2713140.0
5509,2715437.0
5510,2715463.0
5511,2715513.0
5512,2715578.0
5513,2715972.0
5514,2716133.0
5515,2716987.0
5516,2717082.0
5517,2717381.0
5518,2718224.0
5519,2719693.0
5520,2719702.0
5521,2719870.0
5522,2719892.0
5523,2720242.0
5524,2720272.0
5525,2720291.0
5526,2720426.0
5527,2721097.0
5528,2721557.0
5529,2722009.0
5530,2722205.0
5531,2722378.0
5532,2722735.0
5533,2723254.0
5534,2723312.0
5535,2723515.0
5536,2725221.0
5537,2725825.0
5538,2726196.0
5539,2726501.0
5540,2727120.0
5541,2727303.0
5542,2727329.0
5543,2727452.0
5544,2727748.0
5545,2728420.0
5546,2728762.0
5547,2728939.0
5548,2729046.0
5549,2729274.0
5550,2729401.0
5551,2729430.0
5552,2730609.0
5553,2730862.0
5554,2731010.0
5555,2731201.0
5556,2731913.0
5557,2732362.0
5558,2732688.0
5559,2732693.0
5560,2733465.0
5561,2733693.0
5562,2733904.0
5563,2734465.0
5564,2734886.0
5565,2736458.0
5566,2738849.0
5567,2739374.0
5568,2740845.0
5569,2741135.0
5570,2741438.0
5571,2742443.0
5572,2742544.0
5573,2743421.0
5574,2744393.0
5575,2746522.0
5576,2746830.0
5577,2747623.0
5578,2749357.0
5579,2751091.0
5580,2751277.0
5581,2752188.0
5582,2753012.0
5583,2753354.0
5584,2753644.0
5585,2754364.0
5586,2754517.0
5587,2755058.0
5588,2755768.0
5589,2756170.0
5590,2757093.0
5591,2757155.0
5592,2757489.0
5593,2758425.0
5594,2758722.0
5595,2758865.0
5596,2759351.0
5597,2759369.0
5598,2759834.0
5599,2760431.0
5600,2761997.0
5601,2763896.0
5602,2763956.0
5603,2764805.0
5604,2765018.0
5605,2765053.0
5606,2766928.0
5607,2767303.0
5608,2768440.0
5609,2768717.0
5610,2769270.0
5611,2770062.0
5612,2770428.0
5613,2770787.0
5614,2771133.0
5615,2771280.0
5616,2771634.0
5617,2771746.0
5618,2772350.0
5619,2772879.0
5620,2773794.0
5621,2774702.0
5622,2774791.0
5623,2774890.0
5624,2774968.0
5625,2775392.0
5626,2776140.0
5627,2776469.0
5628,2777418.0
5629,2777538.0
5630,2777977.0
5631,2778294.0
5632,2778962.0
5633,2780298.0
5634,2780350.0
5635,2780582.0
5636,2782257.0
5637,2782440.0
5638,2782636.0
5639,2783247.0
5640,2784097.0
5641,2784187.0
5642,2784567.0
5643,2784737.0
5644,2784798.0
5645,2785051.0
5646,2785437.0
5647,2786569.0
5648,2786941.0
5649,2787531.0
5650,2787844.0
5651,2788516.0
5652,2789618.0
5653,2790283.0
5654,2790488.0
5655,2791893.0
5656,2792245.0
5657,2792466.0
5658,2792470.0
5659,2792473.0
5660,2792643.0
5661,2792830.0
5662,2793381.0
5663,2793535.0
5664,2793582.0
5665,2794323.0
5666,2794763.0
5667,2796613.0
5668,2797001.0
5669,2797872.0
5670,2798083.0
5671,2799639.0
5672,2801075.0
5673,2801242.0
5674,2801925.0
5675,2802236.0
5676,2803387.0
5677,2803981.0
5678,2805023.0
5679,2806015.0
5680,2806073.0
5681,2806822.0
5682,2807571.0
5683,2809129.0
5684,2809913.0
5685,2810186.0
5686,2810206.0
5687,2810376.0
5688,2811511.0
5689,2811772.0
5690,2812906.0
5691,2813021.0
5692,2813572.0
5693,2813981.0
5694,2814121.0
5695,2814272.0
5696,2814919.0
5697,2815507.0
5698,2815600.0
5699,2817467.0
5700,2817530.0
5701,2818034.0
5702,2818352.0
5703,2819200.0
5704,2819425.0
5705,2820132.0
5706,2820227.0
5707,2820370.0
5708,2821134.0
5709,2822674.0
5710,2822752.0
5711,2823189.0
5712,2823887.0
5713,2824132.0
5714,2824537.0
5715,2825254.0
5716,2825576.0
5717,2827565.0
5718,2827788.0
5719,2828049.0
5720,2828244.0
5721,2828369.0
5722,2829342.0
5723,2829634.0
5724,2830169.0
5725,2830409.0
5726,2830982.0
5727,2831131.0
5728,2831212.0
5729,2832092.0
5730,2833764.0
5731,2834276.0
5732,2834502.0
5733,2835031.0
5734,2835564.0
5735,2836383.0
5736,2836913.0
5737,2837099.0
5738,2837123.0
5739,2838287.0
5740,2838549.0
5741,2838822.0
5742,2839593.0
5743,2841092.0
5744,2841167.0
5745,2841297.0
5746,2842218.0
5747,2842311.0
5748,2842347.0
5749,2843601.0
5750,2844691.0
5751,2845238.0
5752,2845960.0
5753,2845970.0
5754,2847035.0
5755,2847081.0
5756,2847104.0
5757,2847504.0
5758,2847505.0
5759,2847862.0
5760,2847904.0
5761,2848217.0
5762,2848259.0
5763,2848773.0
5764,2849075.0
5765,2849506.0
5766,2849774.0
5767,2850284.0
5768,2850554.0
5769,2850709.0
5770,2850916.0
5771,2851309.0
5772,2851553.0
5773,2851767.0
5774,2853112.0
5775,2853380.0
5776,2853430.0
5777,2854396.0
5778,2854909.0
5779,2855018.0
5780,2855617.0
5781,2856076.0
5782,2856853.0
5783,2857115.0
5784,2857267.0
5785,2857590.0
5786,2857732.0
5787,2858113.0
5788,2859227.0
5789,2859653.0
5790,2862098.0
5791,2862209.0
5792,2862362.0
5793,2862592.0
5794,2862648.0
5795,2862653.0
5796,2863351.0
5797,2863569.0
5798,2863834.0
5799,2863969.0
5800,2864505.0
5801,2864818.0
5802,2864917.0
5803,2865249.0
5804,2865309.0
5805,2865788.0
5806,2866035.0
5807,2866126.0
5808,2866963.0
5809,2867219.0
5810,2867301.0
5811,2867389.0
5812,2868448.0
5813,2868572.0
5814,2868826.0
5815,2869211.0
5816,2869593.0
5817,2870160.0
5818,2870178.0
5819,2870189.0
5820,2870633.0
5821,2871244.0
5822,2871432.0
5823,2872264.0
5824,2872465.0
5825,2872846.0
5826,2873117.0
5827,2873269.0
5828,2873667.0
5829,2873986.0
5830,2874598.0
5831,2874744.0
5832,2874974.0
5833,2876061.0
5834,2876714.0
5835,2878248.0
5836,2878522.0
5837,2878742.0
5838,2879114.0
5839,2879274.0
5840,2879275.0
5841,2879353.0
5842,2879785.0
5843,2880147.0
5844,2880250.0
5845,2880305.0
5846,2881262.0
5847,2881661.0
5848,2882144.0
5849,2882723.0
5850,2882853.0
5851,2884063.0
5852,2884090.0
5853,2884149.0
5854,2884485.0
5855,2885237.0
5856,2885813.0
5857,2885846.0
5858,2885847.0
5859,2886319.0
5860,2886509.0
5861,2886527.0
5862,2886830.0
5863,2886895.0
5864,2888265.0
5865,2888448.0
5866,2888736.0
5867,2889314.0
5868,2889406.0
5869,2890681.0
5870,2892501.0
5871,2893136.0
5872,2893684.0
5873,2893804.0
5874,2894863.0
5875,2894876.0
5876,2895544.0
5877,2895649.0
5878,2895796.0
5879,2896091.0
5880,2896303.0
5881,2896407.0
5882,2897612.0
5883,2897842.0
5884,2898229.0
5885,2899149.0
5886,2899637.0
5887,2899693.0
5888,2900000.0
5889,2900355.0
5890,2901158.0
5891,2901199.0
5892,2901728.0
5893,2902002.0
5894,2902428.0
5895,2903741.0
5896,2903851.0
5897,2903966.0
5898,2904434.0
5899,2904938.0
5900,2905343.0
5901,2905541.0
5902,2905589.0
5903,2906745.0
5904,2907371.0
5905,2907991.0
5906,2909359.0
5907,2909532.0
5908,2909582.0
5909,2909594.0
5910,2909952.0
5911,2910152.0
5912,2910689.0
5913,2911134.0
5914,2911170.0
5915,2911383.0
5916,2911752.0
5917,2912006.0
5918,2912125.0
5919,2912636.0
5920,2914694.0
5921,2915115.0
5922,2915151.0
5923,2915342.0
5924,2915416.0
5925,2915965.0
5926,2916514.0
5927,2916679.0
5928,2916979.0
5929,2917136.0
5930,2917388.0
5931,2917677.0
5932,2917741.0
5933,2917845.0
5934,2920885.0
5935,2921314.0
5936,2921493.0
5937,2921824.0
5938,2922067.0
5939,2923184.0
5940,2923428.0
5941,2923752.0
5942,2925535.0
5943,2926620.0
5944,2926896.0
5945,2927054.0
5946,2927647.0
